0x0088a608: e0 00 00 00 00 00 00 00 00 00 00 00 00 00 00 00 
0x0088a618: 00 00 00 00 00 00 00 00 00 00 00 00 00 00 00 00 
0x0088a628: 04 00 10 d1 00 00 00 c0 00 00 00 80 00 00 00 00 
0x0088a638: 00 00 00 00 00 00 00 00 00 00 00 00 00 00 00 00 
0x0088a648: 04 00 10 d1 00 00 00 c0 00 00 00 80 00 00 00 00 
0x0088a658: 00 00 00 00 00 00 00 00 00 00 00 00 00 00 00 00 
0x0088a668: 04 00 10 d1 00 00 00 c0 00 00 00 80 00 00 00 00 
0x0088a678: 00 00 00 00 00 00 00 00 00 00 00 00 00 00 00 00 
0x0088a688: 04 00 10 d1 00 00 00 c0 00 00 00 80 00 00 00 00 
0x0088a698: 00 00 00 00 00 00 00 00 00 00 00 00 00 00 00 00 
0x0088a6a8: 04 00 10 d1 00 00 00 c0 00 00 00 80 00 00 00 00 
0x0088a6b8: 00 00 00 00 00 00 00 00 00 00 00 00 00 00 00 00 
0x0088a6c8: 04 00 10 d1 00 00 00 c0 00 00 00 80 00 00 00 00 
0x0088a6d8: 00 00 00 00 00 00 00 00 00 00 00 00 00 00 00 00 
0x0088a6e8: 04 00 10 d1 00 00 00 c0 00 00 00 80 00 00 00 00 
0x0088a6f8: 00 00 00 00 00 00 00 00 00 00 00 00 00 00 00 00 
0x0088a708: 04 00 10 d1 00 00 00 c0 00 00 00 80 00 00 00 00 
0x0088a718: 00 00 00 00 00 00 00 00 00 00 00 00 00 00 00 00 
0x0088a728: 04 00 10 d1 00 00 00 c0 00 00 00 80 00 00 00 00 
0x0088a738: 00 00 00 00 00 00 00 00 00 00 00 00 00 00 00 00 
0x0088a748: 04 00 10 d1 00 00 00 c0 00 00 00 80 00 00 00 00 
0x0088a758: 00 00 00 00 00 00 00 00 00 00 00 00 00 00 00 00 
0x0088a768: 04 00 10 d1 00 00 00 c0 00 00 00 80 00 00 00 00 
0x0088a778: 00 00 00 00 00 00 00 00 00 00 00 00 00 00 00 00 
0x0088a788: 04 00 10 d1 00 00 00 c0 00 00 00 80 00 00 00 00 
0x0088a798: 00 00 00 00 00 00 00 00 00 00 00 00 00 00 00 00 
0x0088a7a8: 04 00 10 d1 00 00 00 c0 00 00 00 80 00 00 00 00 
0x0088a7b8: 00 00 00 00 00 00 00 00 00 00 00 00 00 00 00 00 
0x0088a7c8: 04 00 10 d1 00 00 00 c0 00 00 00 80 00 00 00 00 
0x0088a7d8: 00 00 00 00 00 00 00 00 00 00 00 00 00 00 00 00 
0x0088a7e8: 04 00 10 d1 00 00 00 c0 00 00 00 80 00 00 00 00 
0x0088a7f8: 00 00 00 00 00 00 00 00 00 00 00 00 00 00 00 00 
0x0088a808: 04 00 10 d1 00 00 00 c0 00 00 00 80 00 00 00 00 
0x0088a818: 00 00 00 00 00 00 00 00 00 00 00 00 00 00 00 00 
0x0088a828: 04 00 10 d1 00 00 00 c0 00 00 00 80 00 00 00 00 
0x0088a838: 00 00 00 00 00 00 00 00 00 00 00 00 00 00 00 00 
0x0088a848: 04 00 10 d1 00 00 00 c0 00 00 00 80 00 00 00 00 
0x0088a858: 00 00 00 00 00 00 00 00 00 00 00 00 00 00 00 00 
0x0088a868: 04 00 10 d1 00 00 00 c0 00 00 00 80 00 00 00 00 
0x0088a878: 00 00 00 00 00 00 00 00 00 00 00 00 00 00 00 00 
0x0088a888: 04 00 10 d1 00 00 00 c0 00 00 00 80 00 00 00 00 
0x0088a898: 00 00 00 00 00 00 00 00 00 00 00 00 00 00 00 00 
0x0088a8a8: 04 00 10 d1 00 00 00 c0 00 00 00 80 00 00 00 00 
0x0088a8b8: 00 00 00 00 00 00 00 00 00 00 00 00 00 00 00 00 
0x0088a8c8: 04 00 10 d1 00 00 00 c0 00 00 00 80 00 00 00 00 
0x0088a8d8: 00 00 00 00 00 00 00 00 00 00 00 00 00 00 00 00 
0x0088a8e8: 04 00 10 d1 00 00 00 c0 00 00 00 80 00 00 00 00 
0x0088a8f8: 00 00 00 00 00 00 00 00 00 00 00 00 00 00 00 00 
0x0088a908: 04 00 10 d1 00 00 00 c0 00 00 00 80 00 00 00 00 
0x0088a918: 00 00 00 00 00 00 00 00 00 00 00 00 00 00 00 00 
0x0088a928: 04 00 10 d1 00 00 00 c0 00 00 00 80 00 00 00 00 
0x0088a938: 00 00 00 00 00 00 00 00 00 00 00 00 00 00 00 00 
0x0088a948: 04 00 10 d1 00 00 00 c0 00 00 00 80 00 00 00 00 
0x0088a958: 00 00 00 00 00 00 00 00 00 00 00 00 00 00 00 00 
0x0088a968: 04 00 10 d1 00 00 00 c0 00 00 00 80 00 00 00 00 
0x0088a978: 00 00 00 00 00 00 00 00 00 00 00 00 00 00 00 00 
0x0088a988: 04 00 10 d1 00 00 00 c0 00 00 00 80 00 00 00 00 
0x0088a998: 00 00 00 00 00 00 00 00 00 00 00 00 00 00 00 00 
0x0088a9a8: 04 00 10 d1 00 00 00 c0 00 00 00 80 00 00 00 00 
0x0088a9b8: 00 00 00 00 00 00 00 00 00 00 00 00 00 00 00 00 
0x0088a9c8: 04 00 10 d1 00 00 00 c0 00 00 00 80 00 00 00 00 
0x0088a9d8: 00 00 00 00 00 00 00 00 00 00 00 00 00 00 00 00 
0x0088a9e8: 04 00 10 d1 00 00 00 c0 00 00 00 80 00 00 00 00 
0x0088a9f8: 00 00 00 00 00 00 00 00 00 00 00 00 00 00 00 00 
0x0088aa08: 04 00 10 d1 00 00 00 c0 00 00 00 80 00 00 00 00 
0x0088aa18: 00 00 00 00 00 00 00 00 00 00 00 00 00 00 00 00 
0x0088aa28: 04 00 10 d1 00 00 00 c0 00 00 00 80 00 00 00 00 
0x0088aa38: 00 00 00 00 00 00 00 00 00 00 00 00 00 00 00 00 
0x0088aa48: 04 00 10 d1 00 00 00 c0 00 00 00 80 00 00 00 00 
0x0088aa58: 00 00 00 00 00 00 00 00 00 00 00 00 00 00 00 00 
0x0088aa68: 04 00 10 d1 00 00 00 c0 00 00 00 80 00 00 00 00 
0x0088aa78: 00 00 00 00 00 00 00 00 00 00 00 00 00 00 00 00 
0x0088aa88: 04 00 10 d1 00 00 00 c0 00 00 00 80 00 00 00 00 
0x0088aa98: 00 00 00 00 00 00 00 00 00 00 00 00 00 00 00 00 
0x0088aaa8: 04 00 10 d1 00 00 00 c0 00 00 00 80 00 00 00 00 
0x0088aab8: 00 00 00 00 00 00 00 00 00 00 00 00 00 00 00 00 
0x0088aac8: 04 00 10 d1 00 00 00 c0 00 00 00 80 00 00 00 00 
0x0088aad8: 00 00 00 00 00 00 00 00 00 00 00 00 00 00 00 00 
0x0088aae8: 04 00 10 d1 00 00 00 c0 00 00 00 80 00 00 00 00 
0x0088aaf8: 00 00 00 00 00 00 00 00 00 00 00 00 00 00 00 00 
0x0088ab08: 04 00 10 d1 00 00 00 c0 00 00 00 80 00 00 00 00 
0x0088ab18: 00 00 00 00 00 00 00 00 00 00 00 00 00 00 00 00 
0x0088ab28: 04 00 10 d1 00 00 00 c0 00 00 00 80 00 00 00 00 
0x0088ab38: 00 00 00 00 00 00 00 00 00 00 00 00 00 00 00 00 
0x0088ab48: 04 00 10 d1 00 00 00 c0 00 00 00 80 00 00 00 00 
0x0088ab58: 00 00 00 00 00 00 00 00 00 00 00 00 00 00 00 00 
0x0088ab68: 04 00 10 d1 00 00 00 c0 00 00 00 80 00 00 00 00 
0x0088ab78: 00 00 00 00 00 00 00 00 00 00 00 00 00 00 00 00 
0x0088ab88: 04 00 10 d1 00 00 00 c0 00 00 00 80 00 00 00 00 
0x0088ab98: 00 00 00 00 00 00 00 00 00 00 00 00 00 00 00 00 
0x0088aba8: 04 00 10 d1 00 00 00 c0 00 00 00 80 00 00 00 00 
0x0088abb8: 00 00 00 00 00 00 00 00 00 00 00 00 00 00 00 00 
0x0088abc8: 04 00 10 d1 00 00 00 c0 00 00 00 80 00 00 00 00 
0x0088abd8: 00 00 00 00 00 00 00 00 00 00 00 00 00 00 00 00 
0x0088abe8: 04 00 10 d1 00 00 00 c0 00 00 00 80 00 00 00 00 
0x0088abf8: 00 00 00 00 00 00 00 00 00 00 00 00 00 00 00 00 
0x0088ac08: 04 00 10 d1 00 00 00 c0 00 00 00 80 00 00 00 00 
0x0088ac18: 00 00 00 00 00 00 00 00 00 00 00 00 00 00 00 00 
0x0088ac28: 04 00 10 d1 00 00 00 c0 00 00 00 80 00 00 00 00 
0x0088ac38: 00 00 00 00 00 00 00 00 00 00 00 00 00 00 00 00 
0x0088ac48: 04 00 10 d1 00 00 00 c0 00 00 00 80 00 00 00 00 
0x0088ac58: 00 00 00 00 00 00 00 00 00 00 00 00 00 00 00 00 
0x0088ac68: 04 00 10 d1 00 00 00 c0 00 00 00 80 00 00 00 00 
0x0088ac78: 00 00 00 00 00 00 00 00 00 00 00 00 00 00 00 00 
0x0088ac88: 04 00 10 d1 00 00 00 c0 00 00 00 80 00 00 00 00 
0x0088ac98: 00 00 00 00 00 00 00 00 00 00 00 00 00 00 00 00 
0x0088aca8: 04 00 10 d1 00 00 00 c0 00 00 00 80 00 00 00 00 
0x0088acb8: 00 00 00 00 00 00 00 00 00 00 00 00 00 00 00 00 
0x0088acc8: 04 00 10 d1 00 00 00 c0 00 00 00 80 00 00 00 00 
0x0088acd8: 00 00 00 00 00 00 00 00 00 00 00 00 00 00 00 00 
0x0088ace8: 04 00 10 d1 00 00 00 c0 00 00 00 80 00 00 00 00 
0x0088acf8: 00 00 00 00 00 00 00 00 00 00 00 00 00 00 00 00 
0x0088ad08: 04 00 10 d1 00 00 00 c0 00 00 00 80 00 00 00 00 
0x0088ad18: 00 00 00 00 00 00 00 00 00 00 00 00 00 00 00 00 
0x0088ad28: 04 00 10 d1 00 00 00 c0 00 00 00 80 00 00 00 00 
0x0088ad38: 00 00 00 00 00 00 00 00 00 00 00 00 00 00 00 00 
0x0088ad48: 04 00 10 d1 00 00 00 c0 00 00 00 80 00 00 00 00 
0x0088ad58: 00 00 00 00 00 00 00 00 00 00 00 00 00 00 00 00 
0x0088ad68: 04 00 10 d1 00 00 00 c0 00 00 00 80 00 00 00 00 
0x0088ad78: 00 00 00 00 00 00 00 00 00 00 00 00 00 00 00 00 
0x0088ad88: 04 00 10 d1 00 00 00 c0 00 00 00 80 00 00 00 00 
0x0088ad98: 00 00 00 00 00 00 00 00 00 00 00 00 00 00 00 00 
0x0088ada8: 04 00 10 d1 00 00 00 c0 00 00 00 80 00 00 00 00 
0x0088adb8: 00 00 00 00 00 00 00 00 00 00 00 00 00 00 00 00 
0x0088adc8: 04 00 10 d1 00 00 00 c0 00 00 00 80 00 00 00 00 
0x0088add8: 00 00 00 00 00 00 00 00 00 00 00 00 00 00 00 00 
0x0088ade8: 04 00 10 d1 00 00 00 c0 00 00 00 80 00 00 00 00 
0x0088adf8: 00 00 00 00 00 00 00 00 00 00 00 00 00 00 00 00 

