0x00940000: 00 00 00 00 00 00 00 00 00 00 00 00 00 00 00 00 
0x00940010: 00 00 00 00 00 00 00 00 00 00 00 00 00 00 00 00 
0x00940020: 00 00 00 00 00 00 00 00 00 00 00 00 00 00 00 00 
0x00940030: 00 00 00 00 00 00 00 00 00 00 00 00 00 00 00 00 
0x00940040: 00 00 00 00 00 00 00 00 00 00 00 00 00 00 00 00 
0x00940050: 00 00 00 00 00 00 00 00 00 00 00 00 00 00 00 00 
0x00940060: 00 00 00 00 00 00 00 00 00 00 00 00 00 00 00 00 
0x00940070: 00 00 00 00 00 00 00 00 00 00 00 00 00 00 00 00 
0x00940080: 00 00 00 00 00 00 00 00 00 00 00 00 00 00 00 00 
0x00940090: 00 00 00 00 00 00 00 00 00 00 00 00 00 00 00 00 
0x009400a0: 00 00 00 00 00 00 00 00 00 00 00 00 00 00 00 00 
0x009400b0: 00 00 00 00 00 00 00 00 00 00 00 00 00 00 00 00 
0x009400c0: 00 00 00 00 00 00 00 00 00 00 00 00 00 00 00 00 
0x009400d0: 00 00 00 00 00 00 00 00 00 00 00 00 00 00 00 00 
0x009400e0: 00 00 00 00 00 00 00 00 00 00 00 00 00 00 00 00 
0x009400f0: 00 00 00 00 00 00 00 00 00 00 00 00 00 00 00 00 
0x00940100: 00 00 00 00 00 00 00 00 00 00 00 00 00 00 00 00 
0x00940110: 00 00 00 00 00 00 00 00 00 00 00 00 00 00 00 00 
0x00940120: 00 00 00 00 00 00 00 00 00 00 00 00 00 00 00 00 
0x00940130: 00 00 00 00 00 00 00 00 00 00 00 00 00 00 00 00 
0x00940140: 00 00 00 00 00 00 00 00 00 00 00 00 00 00 00 00 
0x00940150: 00 00 00 00 00 00 00 00 00 00 00 00 00 00 00 00 
0x00940160: 00 00 00 00 00 00 00 00 00 00 00 00 00 00 00 00 
0x00940170: 00 00 00 00 00 00 00 00 00 00 00 00 00 00 00 00 
0x00940180: 00 00 00 00 00 00 00 00 00 00 00 00 00 00 00 00 
0x00940190: 00 00 00 00 00 00 00 00 00 00 00 00 00 00 00 00 
0x009401a0: 00 00 00 00 00 00 00 00 00 00 00 00 00 00 00 00 
0x009401b0: 00 00 00 00 00 00 00 00 00 00 00 00 00 00 00 00 
0x009401c0: 00 00 00 00 00 00 00 00 00 00 00 00 00 00 00 00 
0x009401d0: 00 00 00 00 00 00 00 00 00 00 00 00 00 00 00 00 
0x009401e0: 00 00 00 00 00 00 00 00 00 00 00 00 00 00 00 00 
0x009401f0: 00 00 00 00 00 00 00 00 00 00 00 00 00 00 00 00 
0x00940200: 00 00 00 00 00 00 00 00 00 00 00 00 00 00 00 00 
0x00940210: 00 00 00 00 00 00 00 00 00 00 00 00 00 00 00 00 
0x00940220: 00 00 00 00 00 00 00 00 00 00 00 00 00 00 00 00 
0x00940230: 00 00 00 00 00 00 00 00 00 00 00 00 00 00 00 00 
0x00940240: 00 00 00 00 00 00 00 00 00 00 00 00 00 00 00 00 
0x00940250: 00 00 00 00 00 00 00 00 00 00 00 00 00 00 00 00 
0x00940260: 00 00 00 00 00 00 00 00 00 00 00 00 00 00 00 00 
0x00940270: 00 00 00 00 00 00 00 00 00 00 00 00 00 00 00 00 
0x00940280: 00 00 00 00 00 00 00 00 00 00 00 00 00 00 00 00 
0x00940290: 00 00 00 00 00 00 00 00 00 00 00 00 00 00 00 00 
0x009402a0: 00 00 00 00 00 00 00 00 00 00 00 00 00 00 00 00 
0x009402b0: 00 00 00 00 00 00 00 00 00 00 00 00 00 00 00 00 
0x009402c0: 00 00 00 00 00 00 00 00 00 00 00 00 00 00 00 00 
0x009402d0: 00 00 00 00 00 00 00 00 00 00 00 00 00 00 00 00 
0x009402e0: 00 00 00 00 00 00 00 00 00 00 00 00 00 00 00 00 
0x009402f0: 00 00 00 00 00 00 00 00 00 00 00 00 00 00 00 00 
0x00940300: 00 00 00 00 00 00 00 00 00 00 00 00 00 00 00 00 
0x00940310: 00 00 00 00 00 00 00 00 00 00 00 00 00 00 00 00 
0x00940320: 00 00 00 00 00 00 00 00 00 00 00 00 00 00 00 00 
0x00940330: 00 00 00 00 00 00 00 00 00 00 00 00 00 00 00 00 
0x00940340: 00 00 00 00 00 00 00 00 00 00 00 00 00 00 00 00 
0x00940350: 00 00 00 00 00 00 00 00 00 00 00 00 00 00 00 00 
0x00940360: 00 00 00 00 00 00 00 00 00 00 00 00 00 00 00 00 
0x00940370: 00 00 00 00 00 00 00 00 00 00 00 00 00 00 00 00 
0x00940380: 00 00 00 00 00 00 00 00 00 00 00 00 00 00 00 00 
0x00940390: 00 00 00 00 00 00 00 00 00 00 00 00 00 00 00 00 
0x009403a0: 00 00 00 00 00 00 00 00 00 00 00 00 00 00 00 00 
0x009403b0: 00 00 00 00 00 00 00 00 00 00 00 00 00 00 00 00 
0x009403c0: 00 00 00 00 00 00 00 00 00 00 00 00 00 00 00 00 
0x009403d0: 00 00 00 00 00 00 00 00 00 00 00 00 00 00 00 00 
0x009403e0: 00 00 00 00 00 00 00 00 00 00 00 00 00 00 00 00 
0x009403f0: 00 00 00 00 00 00 00 00 00 00 00 00 00 00 00 00 
0x00940400: 00 00 00 00 00 00 00 00 00 00 00 00 00 00 00 00 
0x00940410: 00 00 00 00 00 00 00 00 00 00 00 00 00 00 00 00 
0x00940420: 00 00 00 00 00 00 00 00 00 2a 00 00 00 00 00 00 
0x00940430: 00 00 00 00 00 00 00 00 00 00 00 00 00 00 1b 1b 
0x00940440: 1d 1d 08 08 00 01 00 00 00 00 00 00 01 00 00 00 
0x00940450: 00 4f 92 00 00 00 00 00 01 00 00 00 00 00 00 00 
0x00940460: 00 00 00 00 ff 00 00 00 00 00 00 00 00 00 00 00 
0x00940470: 01 00 00 00 00 00 00 00 00 00 00 00 00 00 00 00 
0x00940480: 01 00 00 00 00 00 00 00 00 00 00 00 00 00 00 00 
0x00940490: 00 00 00 00 00 00 00 00 00 00 00 00 00 00 00 00 
0x009404a0: 00 00 00 00 00 00 00 00 00 00 00 00 00 00 00 00 
0x009404b0: 00 00 00 00 00 00 00 00 00 00 00 00 00 00 00 00 
0x009404c0: 00 00 00 00 00 00 00 00 00 00 00 00 00 00 00 00 
0x009404d0: 00 00 00 00 00 00 00 00 00 00 00 00 01 00 00 00 
0x009404e0: 00 00 00 00 00 00 00 00 00 00 00 00 01 00 00 00 
0x009404f0: 00 00 00 00 00 00 00 00 00 00 00 00 01 00 00 00 
0x00940500: 00 00 00 00 00 00 00 00 00 00 00 00 00 00 00 00 
0x00940510: 00 00 00 00 02 00 00 00 00 00 00 00 00 00 00 00 
0x00940520: 00 00 00 00 00 00 00 00 2c 01 00 00 00 00 00 00 
0x00940530: 00 00 00 00 00 00 00 00 00 00 00 00 00 00 00 00 
0x00940540: 00 00 00 00 00 00 00 00 00 00 00 00 00 00 00 00 
0x00940550: 00 00 00 00 00 03 00 00 00 00 00 00 00 00 00 00 
0x00940560: 00 00 00 00 00 00 00 00 00 00 00 00 00 00 00 00 
0x00940570: 00 00 00 00 00 00 00 00 00 00 00 00 00 00 00 00 
0x00940580: 00 00 00 00 00 00 00 00 00 00 00 00 00 00 00 00 
0x00940590: 00 00 00 00 c8 00 00 00 03 00 00 00 ff ff ff ff 
0x009405a0: 00 00 00 00 00 00 00 00 00 00 00 00 00 00 00 00 
0x009405b0: 00 00 00 00 00 00 00 00 00 00 00 00 00 00 00 00 
0x009405c0: 00 00 00 00 34 1c 80 00 00 00 00 00 00 00 00 00 
0x009405d0: 00 00 ff ff 00 00 00 00 00 03 00 00 00 00 00 00 
0x009405e0: 00 00 00 00 00 00 00 00 00 00 00 00 00 00 00 00 
0x009405f0: 00 00 00 00 00 00 00 00 00 00 00 00 00 00 00 00 
0x00940600: 00 00 00 00 00 00 00 00 00 00 00 00 00 00 00 00 
0x00940610: 00 00 00 00 00 00 00 00 00 00 00 00 00 00 00 00 
0x00940620: 00 00 00 00 00 00 00 00 06 00 02 00 00 00 00 00 
0x00940630: 28 00 00 00 33 0c 09 1c 08 11 00 00 00 00 00 00 
0x00940640: 00 00 00 00 00 00 00 00 22 00 00 00 00 00 00 00 
0x00940650: 00 00 00 00 00 00 00 00 01 00 00 00 00 00 00 00 
0x00940660: 00 00 00 00 00 00 00 00 00 00 00 00 00 00 00 00 
0x00940670: 00 00 00 00 00 00 00 00 00 00 00 00 01 00 00 00 
0x00940680: 05 ff 00 00 00 00 00 00 00 00 00 00 00 00 00 00 
0x00940690: 00 00 00 00 4d 15 00 00 18 44 02 00 00 00 00 00 
0x009406a0: 00 00 00 00 01 00 01 01 00 01 00 00 00 00 00 00 
0x009406b0: 00 00 00 00 00 00 00 00 00 00 00 00 00 00 00 00 
0x009406c0: ff ff ff ff ff ff 00 00 00 00 00 00 00 00 00 00 
0x009406d0: 00 00 00 00 00 00 00 00 00 00 00 00 00 00 00 00 
0x009406e0: 00 00 00 00 00 00 00 00 01 00 00 00 00 00 00 00 
0x009406f0: 00 00 00 00 00 00 00 00 01 00 00 00 00 00 00 00 
0x00940700: 00 00 00 00 80 d3 00 00 00 00 00 00 00 00 00 00 
0x00940710: 00 00 00 00 00 00 00 00 00 00 00 00 00 00 00 00 
0x00940720: 00 00 00 00 00 00 00 00 00 00 00 01 0c 00 00 01 
0x00940730: 18 00 00 01 24 00 00 01 30 00 00 01 3c 00 00 01 
0x00940740: 48 00 00 01 54 00 00 01 60 00 00 01 6c 00 00 01 
0x00940750: 78 00 00 01 84 00 00 01 90 00 00 01 9c 00 00 01 
0x00940760: a8 00 00 01 b4 00 00 01 00 00 00 00 00 00 00 00 
0x00940770: 00 00 00 00 00 00 00 00 21 00 00 00 22 00 00 00 
0x00940780: 23 00 00 00 00 00 00 00 00 01 00 00 01 01 00 00 
0x00940790: 02 01 00 00 00 00 00 00 00 00 00 00 f8 08 00 00 
0x009407a0: 00 00 00 00 64 da 00 00 00 00 00 00 01 00 00 00 
0x009407b0: 00 00 00 00 01 00 00 00 00 00 00 00 00 00 00 00 
0x009407c0: 00 00 00 00 00 00 00 00 00 00 00 00 00 00 00 00 
0x009407d0: 00 00 00 00 00 00 00 00 ff 00 00 00 00 00 85 05 
0x009407e0: 00 00 00 00 00 00 00 00 00 00 00 00 00 00 00 00 
0x009407f0: 00 00 00 00 00 00 00 00 00 00 00 00 00 00 00 00 
0x00940800: 00 00 00 00 00 00 00 00 00 00 00 00 00 00 00 00 
0x00940810: 00 00 00 00 00 00 00 00 00 00 00 00 00 00 00 00 
0x00940820: 00 00 00 00 00 00 00 00 00 00 00 00 00 00 00 00 
0x00940830: 00 00 00 00 00 00 00 00 00 00 00 00 00 00 00 00 
0x00940840: 00 00 00 00 01 00 00 00 7c 00 00 06 06 0a 00 00 
0x00940850: e0 00 00 00 00 00 00 00 00 00 00 00 00 00 00 00 
0x00940860: 00 00 00 00 00 00 00 00 14 01 00 00 00 00 00 99 
0x00940870: 00 00 00 00 00 00 00 00 00 00 00 00 00 00 00 00 
0x00940880: 00 00 00 00 00 00 00 00 00 00 00 00 00 00 00 00 
0x00940890: 00 00 00 00 00 00 00 00 00 00 00 00 00 00 00 00 
0x009408a0: 00 00 00 00 00 00 00 00 00 00 00 00 00 00 00 00 
0x009408b0: 00 00 00 00 00 00 00 00 00 00 00 00 00 00 00 00 
0x009408c0: 00 00 00 00 00 00 00 00 00 00 00 00 00 00 00 00 
0x009408d0: 00 00 00 00 00 00 00 00 00 00 00 00 00 00 00 00 
0x009408e0: 00 00 00 00 00 00 00 00 00 00 00 00 00 00 00 00 
0x009408f0: 00 00 00 00 00 00 00 00 00 00 00 00 00 00 00 00 
0x00940900: 00 00 00 00 00 00 00 00 00 00 00 00 00 00 00 00 
0x00940910: 00 00 00 00 00 00 00 00 00 00 00 00 00 00 00 00 
0x00940920: 00 00 00 00 00 00 00 00 00 00 00 00 00 00 00 00 
0x00940930: 00 00 00 00 00 00 00 00 00 00 00 00 00 00 00 00 
0x00940940: 00 00 00 00 00 00 00 00 00 00 00 00 00 00 00 00 
0x00940950: 00 00 00 00 00 00 00 00 00 00 00 00 00 00 00 00 
0x00940960: 00 00 00 00 00 00 00 00 00 00 00 00 00 00 00 00 
0x00940970: 00 00 00 00 00 00 00 00 00 00 00 00 00 00 00 00 
0x00940980: 00 00 00 00 00 00 00 00 00 00 00 00 00 00 00 00 
0x00940990: 00 00 00 00 00 00 00 00 00 00 00 00 00 00 00 00 
0x009409a0: 00 00 00 00 00 00 00 00 00 00 00 00 00 00 00 00 
0x009409b0: 00 00 00 00 00 00 00 00 00 00 00 00 00 00 00 00 
0x009409c0: 00 00 00 00 00 00 00 00 00 00 00 00 00 00 00 00 
0x009409d0: 00 00 00 00 00 00 00 00 00 00 00 00 00 00 00 00 
0x009409e0: 00 00 00 00 00 00 00 00 00 00 00 00 00 00 00 00 
0x009409f0: 00 00 00 00 00 00 00 00 00 00 00 00 00 00 00 00 
0x00940a00: 00 00 00 00 00 00 00 00 00 00 00 00 00 00 00 00 
0x00940a10: 00 00 00 00 00 00 00 00 00 00 00 00 00 00 00 00 
0x00940a20: 00 00 00 00 00 00 00 00 00 00 00 00 00 00 00 00 
0x00940a30: 00 00 00 00 00 00 00 00 00 00 00 00 00 00 00 00 
0x00940a40: 00 00 00 00 00 00 00 00 00 00 00 00 00 00 00 00 
0x00940a50: 00 00 00 00 00 00 00 00 00 00 00 00 00 00 00 00 
0x00940a60: 00 00 00 00 00 00 00 00 00 00 00 00 00 00 00 00 
0x00940a70: 00 00 00 00 00 00 00 00 00 00 00 00 00 00 00 00 
0x00940a80: 00 00 00 00 00 00 00 00 00 00 00 00 00 00 00 00 
0x00940a90: 00 00 00 00 00 00 00 00 00 00 00 00 00 00 00 00 
0x00940aa0: 00 00 00 00 00 00 00 00 00 00 00 00 00 00 00 00 
0x00940ab0: 00 00 00 00 00 00 00 00 00 00 00 00 00 00 00 00 
0x00940ac0: 00 00 00 00 00 00 00 00 00 00 00 00 00 00 00 00 
0x00940ad0: 00 00 00 00 00 00 00 00 00 00 00 00 00 00 00 00 
0x00940ae0: 00 00 00 00 00 00 00 00 00 00 00 00 00 00 00 00 
0x00940af0: 00 00 00 00 00 00 00 00 00 00 00 00 00 00 00 00 
0x00940b00: 00 00 00 00 00 00 00 00 00 00 00 00 00 00 00 00 
0x00940b10: 00 00 00 00 00 00 00 00 00 00 00 00 00 00 00 00 
0x00940b20: 00 00 00 00 00 00 00 00 00 00 00 00 00 00 00 00 
0x00940b30: 00 00 00 00 00 00 00 00 00 00 00 00 00 00 00 00 
0x00940b40: 00 00 00 00 00 00 00 00 00 00 00 00 00 00 00 00 
0x00940b50: 00 00 00 00 00 00 00 00 00 00 00 00 00 00 00 00 
0x00940b60: 00 00 00 00 00 00 00 00 00 00 00 00 00 00 00 00 
0x00940b70: 00 00 00 00 00 00 00 00 00 00 00 00 00 00 00 00 
0x00940b80: 00 00 00 00 00 00 00 00 00 00 00 00 00 00 00 00 
0x00940b90: 00 00 00 00 00 00 00 00 00 00 00 00 00 00 00 00 
0x00940ba0: 00 00 00 00 00 00 00 00 00 00 00 00 00 00 00 00 
0x00940bb0: 00 00 00 00 00 00 00 00 00 00 00 00 00 00 00 00 
0x00940bc0: 00 00 00 00 00 00 00 00 00 00 00 00 00 00 00 00 
0x00940bd0: 00 00 00 00 00 00 00 00 00 00 00 00 00 00 00 00 
0x00940be0: 00 00 00 00 00 00 00 00 00 00 00 00 00 00 00 00 
0x00940bf0: 00 00 00 00 00 00 00 00 00 00 00 00 00 00 00 00 
0x00940c00: 00 00 00 00 00 00 00 00 00 00 00 00 00 00 00 00 
0x00940c10: 00 00 00 00 00 00 00 00 00 00 00 00 00 00 00 00 
0x00940c20: 00 00 00 00 00 00 00 00 00 00 00 00 00 00 00 00 
0x00940c30: 00 00 00 00 00 00 00 00 00 00 00 00 00 00 00 00 
0x00940c40: 00 00 00 00 00 00 00 00 00 00 00 00 00 00 00 00 
0x00940c50: 00 00 00 00 00 00 00 00 00 00 00 00 00 00 00 00 
0x00940c60: 00 00 00 00 00 00 00 00 00 00 00 00 00 00 00 00 
0x00940c70: 00 00 00 00 00 00 00 00 00 00 00 00 00 00 00 00 
0x00940c80: 00 00 00 00 00 00 00 00 00 00 00 00 00 00 00 00 
0x00940c90: 00 00 00 00 00 00 00 00 00 00 00 00 00 00 00 00 
0x00940ca0: 00 00 00 00 00 00 00 00 00 00 00 00 00 00 00 00 
0x00940cb0: 00 00 00 00 00 00 00 00 00 00 00 00 00 00 00 00 
0x00940cc0: 00 00 00 00 00 00 00 00 00 00 00 00 00 00 00 00 
0x00940cd0: 00 00 00 00 00 00 00 00 00 00 00 00 00 00 00 00 
0x00940ce0: 00 00 00 00 00 00 00 00 00 00 00 00 00 00 00 00 
0x00940cf0: 00 00 00 00 00 00 00 00 00 00 00 00 00 00 00 00 
0x00940d00: 00 00 00 00 00 00 00 00 00 00 00 00 00 00 00 00 
0x00940d10: 00 00 00 00 00 00 00 00 00 00 00 00 00 00 00 00 
0x00940d20: 00 00 00 00 00 00 00 00 00 00 00 00 00 00 00 00 
0x00940d30: 00 00 00 00 00 00 00 00 00 00 00 00 00 00 00 00 
0x00940d40: 00 00 00 00 00 00 00 00 00 00 00 00 00 00 00 00 
0x00940d50: 00 00 00 00 00 00 00 00 00 00 00 00 00 00 00 00 
0x00940d60: 00 00 00 00 00 00 00 00 00 00 00 00 00 00 00 00 
0x00940d70: 00 00 00 00 00 00 00 00 00 00 00 00 00 00 00 00 
0x00940d80: 00 00 00 00 00 00 00 00 00 00 00 00 00 00 00 00 
0x00940d90: 00 00 00 00 00 00 00 00 00 00 00 00 00 00 00 00 
0x00940da0: 00 00 00 00 00 00 00 00 00 00 00 00 00 00 00 00 
0x00940db0: 00 00 00 00 00 00 00 00 00 00 00 00 00 00 00 00 
0x00940dc0: 00 00 00 00 00 00 00 00 00 00 00 00 00 00 00 00 
0x00940dd0: 00 00 00 00 00 00 00 00 00 00 00 00 00 00 00 00 
0x00940de0: 00 00 00 00 00 00 00 00 00 00 00 00 00 00 00 00 
0x00940df0: 00 00 00 00 00 00 00 00 00 00 00 00 00 00 00 00 
0x00940e00: 00 00 00 00 00 00 00 00 00 00 00 00 00 00 00 00 
0x00940e10: 00 00 00 00 00 00 00 00 00 00 00 00 00 00 00 00 
0x00940e20: 00 00 00 00 00 00 00 00 00 00 00 00 00 00 00 00 
0x00940e30: 00 00 00 00 00 00 00 00 00 00 00 00 00 00 00 00 
0x00940e40: 00 00 00 00 00 00 00 00 00 00 00 00 00 00 00 00 
0x00940e50: 00 00 00 00 00 00 00 00 00 00 00 00 00 00 00 00 
0x00940e60: 00 00 00 00 00 00 00 00 00 00 00 00 00 00 00 00 
0x00940e70: 00 00 00 00 00 00 00 00 00 00 00 00 e4 08 00 00 
0x00940e80: 00 00 00 00 00 00 18 26 30 38 3e 44 48 4c 50 53 
0x00940e90: 56 59 5c 5e 60 62 64 66 68 6a 6b 6d 6e 70 71 73 
0x00940ea0: 74 75 76 77 10 00 00 00 00 00 00 00 00 00 00 00 
0x00940eb0: 00 00 00 00 00 00 00 00 00 00 00 00 00 00 00 00 
0x00940ec0: 00 00 00 00 00 00 00 00 00 00 00 00 00 00 00 00 
0x00940ed0: 00 00 00 00 00 00 00 00 00 00 00 00 00 00 00 00 
0x00940ee0: 00 00 00 00 00 00 00 00 00 00 00 00 00 00 00 00 
0x00940ef0: 00 00 00 00 00 00 00 00 00 00 00 00 00 00 00 00 
0x00940f00: 00 00 00 00 00 00 00 00 00 00 00 00 00 00 00 00 
0x00940f10: 00 00 00 00 00 00 00 00 00 00 00 00 00 00 00 00 
0x00940f20: 00 00 00 00 00 00 00 00 00 00 00 00 00 00 00 00 
0x00940f30: 00 00 00 00 00 00 00 00 00 00 00 00 00 00 00 00 
0x00940f40: 00 00 00 00 00 00 00 00 00 00 00 00 00 00 00 00 
0x00940f50: 00 00 00 00 00 00 00 00 00 00 00 00 00 00 00 00 
0x00940f60: 00 00 00 00 00 00 00 00 00 00 00 00 00 00 00 00 
0x00940f70: 00 00 00 00 00 00 00 00 00 00 00 00 00 00 00 00 
0x00940f80: 00 00 00 00 00 00 00 00 00 00 00 00 00 00 00 00 
0x00940f90: 00 00 00 00 00 00 00 00 00 00 00 00 00 00 00 00 
0x00940fa0: 00 00 00 00 00 00 00 00 00 00 00 00 00 00 00 00 
0x00940fb0: 00 00 00 00 00 00 00 00 00 00 00 00 00 00 00 00 
0x00940fc0: 00 00 00 00 00 00 00 00 00 00 00 00 00 00 00 00 
0x00940fd0: 00 00 00 00 00 00 00 00 00 00 00 00 00 00 00 00 
0x00940fe0: 00 00 00 00 00 00 00 00 00 00 00 00 00 00 00 00 
0x00940ff0: 00 00 00 00 00 00 00 00 00 00 00 00 00 00 00 00 
0x00941000: 00 00 00 00 00 00 00 00 00 00 00 00 00 00 00 00 
0x00941010: 00 00 00 00 00 00 00 00 00 00 00 00 00 00 00 00 
0x00941020: 00 00 00 00 00 00 00 00 00 00 00 00 00 00 00 00 
0x00941030: 00 00 00 00 00 00 00 00 00 00 00 00 00 00 00 00 
0x00941040: 00 00 00 00 00 00 00 00 00 00 00 00 00 00 00 00 
0x00941050: 00 00 00 00 00 00 00 00 00 00 00 00 00 00 00 00 
0x00941060: 00 00 00 00 00 00 00 00 00 00 00 00 00 00 00 00 
0x00941070: 00 00 00 00 00 00 00 00 00 00 00 00 00 00 00 00 
0x00941080: 00 00 00 00 00 00 00 00 00 00 00 00 00 00 00 00 
0x00941090: 00 00 00 00 00 00 00 00 00 00 00 00 00 00 00 00 
0x009410a0: 00 00 00 00 00 00 00 00 00 00 00 00 00 00 00 00 
0x009410b0: 00 00 00 00 00 00 00 00 00 00 00 00 00 00 00 00 
0x009410c0: 00 00 00 00 00 00 00 00 00 00 00 00 00 00 00 00 
0x009410d0: 00 00 00 00 00 00 00 00 00 00 00 00 00 00 00 00 
0x009410e0: 00 00 00 00 00 00 00 00 00 00 00 00 00 00 00 00 
0x009410f0: 00 00 00 00 00 00 00 00 00 00 00 00 00 00 00 00 
0x00941100: 00 00 00 00 00 00 00 00 00 00 00 00 00 00 00 00 
0x00941110: 00 00 00 00 00 00 00 00 00 00 00 00 00 00 00 00 
0x00941120: 00 00 00 00 00 00 00 00 00 00 00 00 00 00 00 00 
0x00941130: 00 00 00 00 00 00 00 00 00 00 00 00 00 00 00 00 
0x00941140: 00 00 00 00 00 00 00 00 00 00 00 00 00 00 00 00 
0x00941150: 00 00 00 00 00 00 00 00 00 00 00 00 00 00 00 00 
0x00941160: 00 00 00 00 00 00 00 00 00 00 00 00 00 00 00 00 
0x00941170: 00 00 00 00 00 00 00 00 00 00 00 00 00 00 00 00 
0x00941180: 00 00 00 00 00 00 00 00 00 00 00 00 00 00 00 00 
0x00941190: 00 00 00 00 00 00 00 00 00 00 00 00 00 00 00 00 
0x009411a0: 00 00 00 00 00 00 00 00 00 00 00 00 00 00 00 00 
0x009411b0: 00 00 00 00 00 00 00 00 00 00 00 00 00 00 00 00 
0x009411c0: 00 00 00 00 00 00 00 00 00 00 00 00 00 00 00 00 
0x009411d0: 00 00 00 00 00 00 00 00 00 00 00 00 00 00 00 00 
0x009411e0: 00 00 00 00 00 00 00 00 00 00 00 00 00 00 00 00 
0x009411f0: 00 00 00 00 00 00 00 00 00 00 00 00 00 00 00 00 
0x00941200: 00 00 00 00 00 00 00 00 00 00 00 00 00 00 00 00 
0x00941210: 00 00 00 00 00 00 00 00 00 00 00 00 00 00 00 00 
0x00941220: 00 00 00 00 00 00 00 00 00 00 00 00 00 00 00 00 
0x00941230: 00 00 00 00 00 00 00 00 00 00 00 00 00 00 00 00 
0x00941240: 00 00 00 00 00 00 00 00 00 00 00 00 00 00 00 00 
0x00941250: 00 00 00 00 00 00 00 00 00 00 00 00 00 00 00 00 
0x00941260: 00 00 00 00 00 00 00 00 10 09 00 00 00 00 00 00 
0x00941270: f8 d9 00 00 f8 d9 00 00 01 00 00 00 80 26 80 00 
0x00941280: 00 00 00 00 01 00 00 00 c0 26 80 00 00 00 00 00 
0x00941290: 00 00 00 00 00 00 00 00 00 00 00 00 00 00 00 00 
0x009412a0: 00 00 00 00 00 00 00 00 00 00 00 00 00 00 00 00 
0x009412b0: 00 00 00 00 00 00 00 00 00 00 00 00 00 00 00 00 
0x009412c0: 00 00 00 00 00 00 00 00 00 00 00 00 00 00 00 00 
0x009412d0: 00 00 00 00 00 00 00 00 00 00 00 00 00 00 00 00 
0x009412e0: 00 00 00 00 00 00 00 00 00 00 00 00 00 00 00 00 
0x009412f0: 01 00 00 00 00 00 00 00 00 00 00 00 00 00 00 00 
0x00941300: 00 00 00 00 00 00 00 00 00 00 00 00 09 00 00 00 
0x00941310: 00 00 00 00 00 00 00 00 00 00 00 00 00 00 00 00 
0x00941320: 00 00 00 00 ff ff ff ff ff ff ff ff 00 00 00 00 
0x00941330: 00 00 01 00 88 13 00 00 00 00 00 00 88 13 00 00 
0x00941340: 01 00 00 00 00 09 00 00 00 00 00 00 00 00 00 00 
0x00941350: 00 04 00 00 00 7f ff 00 00 00 00 50 05 00 00 2d 
0x00941360: 00 10 05 14 01 00 06 7f 7f 00 00 00 00 00 00 00 
0x00941370: 00 00 00 00 00 00 00 00 00 00 00 00 00 00 00 80 
0x00941380: 00 00 00 00 00 00 00 00 00 00 64 00 00 00 00 00 
0x00941390: 00 00 00 00 00 00 00 00 00 00 00 00 00 00 00 00 
0x009413a0: 00 00 00 00 00 00 00 00 00 00 0a 00 14 00 1e 00 
0x009413b0: 28 00 32 00 3c 00 46 00 50 00 e8 03 04 03 02 01 
0x009413c0: 00 ff ff ff ff ff 00 00 00 00 18 26 30 38 3e 44 
0x009413d0: 48 4c 50 53 56 59 5c 5e 60 62 64 66 68 6a 6b 6d 
0x009413e0: 6e 70 71 73 74 75 76 77 78 79 7b 7c 7d 7d 7e 7f 
0x009413f0: 80 81 82 83 83 84 85 86 00 00 00 00 00 00 00 00 
0x00941400: 00 00 00 00 0f 00 00 00 11 00 00 00 11 00 00 00 
0x00941410: 00 00 00 00 00 00 00 00 00 00 00 00 00 00 00 00 
0x00941420: 01 00 00 00 74 55 01 00 00 90 5d 00 00 01 74 55 
0x00941430: 01 00 00 a8 14 00 00 03 08 54 01 00 01 90 5d 00 
0x00941440: 00 01 9c 5b 00 00 02 90 5d 00 00 03 b8 56 01 00 
0x00941450: 02 b8 56 01 00 02 9c 5b 00 00 02 78 14 00 00 03 
0x00941460: ac 54 01 00 03 ac 54 01 00 03 9c 5b 00 00 02 48 
0x00941470: 14 00 00 03 94 38 00 00 00 90 5d 00 00 01 9c 5b 
0x00941480: 00 00 02 b8 56 01 00 02 cc 1b 80 00 e0 1b 80 00 
0x00941490: f8 1b 80 00 0c 1c 80 00 20 1c 80 00 90 1b 80 00 
0x009414a0: a0 1b 80 00 b0 1b 80 00 c0 1b 80 00 00 00 00 00 
0x009414b0: 00 00 00 00 00 00 00 00 00 00 00 00 00 00 00 00 
0x009414c0: 00 00 00 00 00 00 00 00 00 00 00 00 00 00 00 00 
0x009414d0: 00 00 00 00 00 00 00 00 00 00 00 00 00 00 00 00 
0x009414e0: 00 00 00 00 00 00 00 00 00 00 00 00 00 00 00 00 
0x009414f0: 00 00 00 00 00 00 00 00 00 00 00 00 00 00 00 00 
0x00941500: 00 00 00 00 00 00 00 00 00 00 00 00 00 00 00 00 
0x00941510: 00 00 00 00 00 00 00 00 00 00 00 00 00 00 00 00 
0x00941520: 00 00 00 00 00 00 00 00 00 00 00 00 00 00 00 00 
0x00941530: 00 00 00 00 00 00 00 00 00 00 00 00 00 00 00 00 
0x00941540: 00 00 00 00 00 00 00 00 00 00 00 00 00 00 00 00 
0x00941550: 00 00 00 00 00 00 00 00 00 00 00 00 00 00 00 00 
0x00941560: 00 00 00 00 00 00 00 00 00 00 00 00 00 00 00 00 
0x00941570: 00 00 00 00 00 00 00 00 00 00 00 00 00 00 00 00 
0x00941580: 00 00 00 00 00 00 00 00 00 00 00 00 00 00 00 00 
0x00941590: 00 00 00 00 00 00 00 00 00 00 00 00 00 00 00 00 
0x009415a0: 00 00 00 00 00 00 00 00 00 00 00 00 00 00 00 00 
0x009415b0: 00 00 00 00 00 00 00 00 00 00 00 00 00 00 00 00 
0x009415c0: 00 00 00 00 00 00 00 00 00 00 00 00 00 00 00 00 
0x009415d0: 00 00 00 00 00 00 00 00 00 00 00 00 00 00 00 00 
0x009415e0: 00 00 00 00 00 00 00 00 00 00 00 00 00 00 00 00 
0x009415f0: 00 00 00 00 00 00 00 00 00 00 00 00 00 00 00 00 
0x00941600: 00 00 00 00 00 00 00 00 00 00 00 00 00 00 00 00 
0x00941610: 00 00 00 00 00 00 00 00 00 00 00 00 00 00 00 00 
0x00941620: 00 00 00 00 00 00 00 00 00 00 00 00 00 00 00 00 
0x00941630: 00 00 00 00 00 00 00 00 00 00 00 00 00 00 00 00 
0x00941640: 00 00 00 00 00 00 00 00 00 00 00 00 00 00 00 00 
0x00941650: 00 00 00 00 00 00 00 00 00 00 00 00 00 00 00 00 
0x00941660: 00 00 00 00 00 00 00 00 00 00 00 00 00 00 00 00 
0x00941670: 00 00 00 00 00 00 00 00 00 00 00 00 00 00 00 00 
0x00941680: 00 00 00 00 00 00 00 00 00 00 00 00 00 00 00 00 
0x00941690: 00 00 00 00 00 00 00 00 00 00 00 00 00 00 00 00 
0x009416a0: 00 00 00 00 00 00 00 00 00 00 00 00 00 00 00 00 
0x009416b0: 00 00 00 00 00 00 00 00 00 00 00 00 00 00 00 00 
0x009416c0: 00 00 00 00 00 00 00 00 00 00 00 00 00 00 00 00 
0x009416d0: 00 00 00 00 00 00 00 00 00 00 00 00 00 00 00 00 
0x009416e0: 00 00 00 00 00 00 00 00 00 00 00 00 00 00 00 00 
0x009416f0: 4f 00 5f 00 6f 00 7f 00 8f 00 9e 00 ae 00 be 00 
0x00941700: ce 00 de 00 ee 00 fe 00 9b 32 db 3c 1b 47 5b 51 
0x00941710: 9b 5b db 65 1b 70 5b 7a 9b 84 db 8e 1b 99 5b a3 
0x00941720: f8 49 38 54 78 5e b8 68 f8 72 38 7d 78 87 b8 91 
0x00941730: f8 9b 38 a6 78 b0 b8 ba 00 00 00 00 00 00 00 00 
0x00941740: 00 00 00 00 00 00 00 00 00 00 00 00 00 00 00 00 
0x00941750: 00 00 00 00 00 00 00 00 00 00 00 00 00 00 00 00 
0x00941760: 00 00 00 00 00 00 00 00 00 00 00 00 00 00 00 00 
0x00941770: 00 00 00 00 00 00 00 00 00 00 00 00 00 00 00 00 
0x00941780: 00 00 00 00 00 00 00 00 00 00 00 00 00 00 00 00 
0x00941790: 00 00 00 00 00 00 00 00 00 00 00 00 00 00 00 00 
0x009417a0: 00 00 00 00 00 00 00 00 00 00 00 00 00 00 00 00 
0x009417b0: 00 00 00 00 00 00 00 00 00 00 00 00 00 00 00 00 
0x009417c0: 00 00 00 00 00 00 00 00 04 09 00 00 00 00 00 00 
0x009417d0: 00 00 00 00 00 00 00 00 00 00 00 00 00 00 00 00 
0x009417e0: 00 00 00 00 00 00 00 00 00 00 00 00 00 00 00 00 
0x009417f0: 28 02 00 00 ff ff ff 00 06 00 88 01 0b 01 88 00 
0x00941800: 06 00 08 00 0b 01 88 00 06 00 a8 00 06 00 a0 00 
0x00941810: 06 00 a8 00 0c 00 88 00 f2 00 98 00 d7 02 9a 00 
0x00941820: ca 03 92 00 e5 01 9a 00 d7 02 98 00 18 00 88 00 
0x00941830: 06 00 88 01 01 00 88 01 01 00 88 01 01 00 88 01 
0x00941840: 01 00 88 01 01 00 88 01 06 00 06 00 ff 00 02 00 
0x00941850: 06 00 00 00 ff 00 02 00 30 00 03 00 1e 00 02 00 
0x00941860: 06 00 06 00 01 00 06 00 01 00 06 00 01 00 06 00 
0x00941870: 01 00 20 00 20 00 20 00 20 00 20 00 8c 00 8c 00 
0x00941880: c8 00 c8 00 2c 01 e8 03 e8 03 00 00 00 50 50 50 
0x00941890: 50 50 40 40 40 48 48 50 50 00 00 00 00 00 00 00 
0x009418a0: 00 00 00 00 00 00 00 00 00 00 00 00 3a 00 0c 12 
0x009418b0: 26 06 00 00 00 15 84 49 70 00 00 00 00 06 1f 2e 
0x009418c0: 5e 54 00 00 b4 40 00 00 b4 40 00 00 a0 40 00 00 
0x009418d0: 60 41 00 00 60 41 00 00 60 41 00 00 ce ca 02 0e 
0x009418e0: 17 3c ca ca ca 44 52 64 ca 69 64 ca ca 00 00 00 
0x009418f0: 00 22 27 27 27 27 15 22 00 09 11 11 19 22 20 20 
0x00941900: 20 00 00 00 01 00 00 00 01 00 00 00 02 00 00 00 
0x00941910: 02 00 00 00 03 00 00 00 03 00 00 00 04 00 00 00 
0x00941920: 05 00 00 00 06 00 00 00 08 00 00 00 0a 00 00 00 
0x00941930: 0d 00 00 00 10 00 00 00 14 00 00 00 19 00 00 00 
0x00941940: 20 00 00 00 28 00 00 00 32 00 00 00 3f 00 00 00 
0x00941950: 4f 00 00 00 64 00 00 00 7e 00 00 00 9e 00 00 00 
0x00941960: c8 00 00 00 fb 00 00 00 3c 01 00 00 8e 01 00 00 
0x00941970: f5 01 00 00 77 02 00 00 1a 03 00 00 e8 03 00 00 
0x00941980: eb 04 00 00 31 06 00 00 cb 07 00 00 d0 09 00 00 
0x00941990: 5a 0c 00 00 8d 0f 00 00 94 13 00 00 a6 18 00 00 
0x009419a0: 07 1f 00 00 10 27 00 00 2d 31 00 00 e9 3d 00 00 
0x009419b0: f1 4d 00 00 1f 62 00 00 87 7b 00 00 83 9b 00 00 
0x009419c0: c7 c3 00 00 78 f6 00 00 49 36 01 00 a0 86 01 00 
0x009419d0: c5 eb 01 00 19 6b 02 00 66 0b 03 00 35 d5 03 00 
0x009419e0: 44 d3 04 00 1b 13 06 00 c3 a5 07 00 ad a0 09 00 
0x009419f0: d8 1e 0c 00 40 42 0f 00 ad 35 13 00 fd 2e 18 00 
0x00941a00: fe 71 1e 00 00 00 00 00 00 00 00 00 be 2e 01 00 
0x00941a10: 88 2f 01 00 6c 31 01 00 f8 30 01 00 6c 31 01 00 
0x00941a20: 6c 31 01 00 6c 31 01 00 3c 31 01 00 6c 31 01 00 
0x00941a30: 6c 31 01 00 6c 31 01 00 6c 31 01 00 6c 31 01 00 
0x00941a40: 6c 31 01 00 6c 31 01 00 38 31 01 00 08 28 01 00 
0x00941a50: 18 25 01 00 0c 26 01 00 e8 26 01 00 fc 27 01 00 
0x00941a60: fc 27 01 00 fc 27 01 00 d8 26 01 00 ec 27 01 00 
0x00941a70: d8 27 01 00 36 0a 01 00 94 0a 01 00 d4 0a 01 00 
0x00941a80: d4 0a 01 00 ec 0b 01 00 d4 0a 01 00 00 24 52 52 
0x00941a90: 52 52 47 4e 00 00 05 00 0f 00 14 00 19 00 1e 00 
0x00941aa0: 28 00 2c 00 31 00 36 00 90 01 3b 00 40 00 90 01 
0x00941ab0: 90 01 45 00 a3 00 a8 00 ad 00 b2 00 b7 00 be 00 
0x00941ac0: c5 00 90 01 23 00 c9 00 90 01 cd 00 90 01 90 01 
0x00941ad0: d1 00 90 01 d5 00 d9 00 dd 00 e1 00 0a 00 e5 00 
0x00941ae0: e9 00 ed 00 f1 00 f9 00 00 01 07 01 2a 01 2e 01 
0x00941af0: 0e 01 15 01 32 01 36 01 3a 01 3e 01 45 01 4c 01 
0x00941b00: 53 01 5a 01 61 01 68 01 6c 01 70 01 1c 01 23 01 
0x00941b10: 80 01 90 01 74 01 78 01 7c 01 90 01 90 01 84 01 
0x00941b20: 88 01 8c 01 ac 00 81 8b 95 00 00 00 00 00 00 00 
0x00941b30: 00 00 00 00 00 00 00 00 00 00 00 00 00 00 00 00 
0x00941b40: 00 00 00 12 12 12 22 22 06 0a 10 0d 6b 00 00 00 
0x00941b50: 00 00 00 00 00 00 00 00 00 00 00 00 fc 47 01 00 
0x00941b60: 3c 48 01 00 60 48 01 00 90 48 01 00 d0 48 01 00 
0x00941b70: e4 48 01 00 7c 48 01 00 06 d5 00 00 06 d5 00 00 
0x00941b80: 5c d5 00 00 fe d4 00 00 5c d5 00 00 0a d5 00 00 
0x00941b90: 42 49 5f 53 54 41 54 45 5f 42 54 49 00 00 00 00 
0x00941ba0: 42 49 5f 53 54 41 54 45 5f 41 42 46 54 00 00 00 
0x00941bb0: 42 49 5f 53 54 41 54 45 5f 44 54 49 00 00 00 00 
0x00941bc0: 42 49 5f 53 54 41 54 45 5f 41 57 00 42 49 5f 45 
0x00941bd0: 56 45 4e 54 5f 44 54 49 5f 54 4f 5f 42 54 49 00 
0x00941be0: 42 49 5f 45 56 45 4e 54 5f 42 54 49 5f 54 4f 5f 
0x00941bf0: 41 42 46 54 00 00 00 00 42 49 5f 45 56 45 4e 54 
0x00941c00: 5f 42 48 49 5f 54 4f 5f 44 54 49 00 42 49 5f 45 
0x00941c10: 56 45 4e 54 5f 42 48 49 5f 54 4f 5f 41 57 00 00 
0x00941c20: 42 49 5f 45 56 45 4e 54 5f 41 57 5f 54 4f 5f 44 
0x00941c30: 54 49 00 00 42 49 5f 41 50 5f 4d 4f 4e 49 54 4f 
0x00941c40: 52 5f 53 4d 00 00 00 00 76 ea 00 00 94 ea 00 00 
0x00941c50: 76 ea 00 00 a8 ea 00 00 76 ea 00 00 8c ea 00 00 
0x00941c60: c0 ea 00 00 4e b2 00 00 6c b2 00 00 4e b2 00 00 
0x00941c70: 80 b2 00 00 4e b2 00 00 64 b2 00 00 98 b2 00 00 
0x00941c80: 00 00 00 00 00 00 00 00 00 00 00 00 00 00 00 00 
0x00941c90: 00 00 00 00 00 00 00 00 00 00 00 00 00 00 00 00 
0x00941ca0: 00 00 00 00 00 00 00 00 0e 00 02 04 06 08 0a 0c 
0x00941cb0: 00 00 00 00 00 00 00 00 00 00 00 00 00 00 00 00 
0x00941cc0: 00 00 00 00 00 00 00 00 00 00 00 00 00 00 00 00 
0x00941cd0: 00 00 00 00 00 00 00 00 00 00 00 00 00 00 00 00 
0x00941ce0: 00 00 00 00 00 00 00 00 00 00 00 00 00 00 00 00 
0x00941cf0: 00 00 00 00 00 00 00 00 00 00 00 00 00 00 00 00 
0x00941d00: 00 00 00 00 00 00 00 00 00 00 00 00 00 00 00 00 
0x00941d10: 00 00 00 00 00 00 00 00 00 00 00 00 00 00 00 00 
0x00941d20: 00 00 00 00 00 00 00 00 00 00 00 00 00 00 00 00 
0x00941d30: 00 00 00 00 00 00 00 00 00 00 00 00 00 00 00 00 
0x00941d40: 00 00 00 00 00 00 00 00 00 00 00 00 00 00 00 00 
0x00941d50: 00 00 00 00 00 00 00 00 00 00 00 00 00 00 00 00 
0x00941d60: 00 00 00 00 00 00 00 00 00 00 00 00 00 00 00 00 
0x00941d70: 00 00 00 00 00 00 00 00 00 00 00 00 00 00 00 00 
0x00941d80: 00 00 00 00 00 00 00 00 00 00 00 00 00 00 00 00 
0x00941d90: 00 00 00 00 00 00 00 00 00 00 00 00 00 00 00 00 
0x00941da0: 00 00 00 00 00 00 00 00 00 00 00 00 00 00 00 00 
0x00941db0: 00 00 00 00 00 00 00 00 00 00 00 00 00 00 00 00 
0x00941dc0: 00 00 00 00 00 00 00 00 00 00 00 00 00 00 00 00 
0x00941dd0: 00 00 00 00 00 00 00 00 00 00 00 00 00 00 00 00 
0x00941de0: 00 00 00 00 00 00 00 00 00 00 00 00 00 00 00 00 
0x00941df0: 00 00 00 00 00 00 00 00 00 00 00 00 00 00 00 00 
0x00941e00: 00 00 00 00 00 00 00 00 00 00 00 00 00 00 00 00 
0x00941e10: 00 00 00 00 00 00 00 00 00 00 00 00 00 00 00 00 
0x00941e20: 00 00 00 00 00 00 00 00 00 00 00 00 00 00 00 00 
0x00941e30: 00 00 00 00 00 00 00 00 00 00 00 00 00 00 00 00 
0x00941e40: 00 00 00 00 00 00 00 00 00 00 00 00 00 00 00 00 
0x00941e50: 00 00 00 00 00 00 00 00 00 00 00 00 00 00 00 00 
0x00941e60: 00 00 00 00 00 00 00 00 00 00 00 00 00 00 00 00 
0x00941e70: 00 00 00 00 00 00 00 00 00 00 00 00 00 00 00 00 
0x00941e80: 00 00 00 00 00 00 00 00 00 00 00 00 00 00 00 00 
0x00941e90: 00 00 00 00 00 00 00 00 00 00 00 00 00 00 00 00 
0x00941ea0: 00 00 00 00 00 00 00 00 00 00 00 00 00 00 00 00 
0x00941eb0: 00 00 00 00 00 00 00 00 00 00 00 00 00 00 00 00 
0x00941ec0: 00 00 00 00 00 00 00 00 00 00 00 00 00 00 00 00 
0x00941ed0: 00 00 00 00 00 00 00 00 00 00 00 00 00 00 00 00 
0x00941ee0: 00 00 00 00 00 00 00 00 00 00 00 00 00 00 00 00 
0x00941ef0: 00 00 00 00 00 00 00 00 00 00 00 00 00 00 00 00 
0x00941f00: 00 00 00 00 00 00 00 00 00 00 00 00 00 00 00 00 
0x00941f10: 00 00 00 00 00 00 00 00 00 00 00 00 00 00 00 00 
0x00941f20: 00 00 00 00 00 00 00 00 00 00 00 00 00 00 00 00 
0x00941f30: 00 00 00 00 00 00 00 00 00 00 00 00 00 00 00 00 
0x00941f40: 00 00 00 00 00 00 00 00 00 00 00 00 00 00 00 00 
0x00941f50: 00 00 00 00 00 00 00 00 00 00 00 00 00 00 00 00 
0x00941f60: 00 00 00 00 00 00 00 00 00 00 00 00 00 00 00 00 
0x00941f70: 00 00 00 00 00 00 00 00 00 00 00 00 00 00 00 00 
0x00941f80: 00 00 00 00 00 00 00 00 00 00 00 00 00 00 00 00 
0x00941f90: 00 00 00 00 00 00 00 00 00 00 00 00 00 00 00 00 
0x00941fa0: 00 00 00 00 00 00 00 00 00 00 00 00 00 00 00 00 
0x00941fb0: 00 00 00 00 00 00 00 00 00 00 00 00 00 00 00 00 
0x00941fc0: 00 00 00 00 00 00 00 00 00 00 00 00 00 00 00 00 
0x00941fd0: 00 00 00 00 00 00 00 00 00 00 00 00 00 00 00 00 
0x00941fe0: 00 00 00 00 00 00 00 00 00 00 00 00 00 00 00 00 
0x00941ff0: 00 00 00 00 00 00 00 00 00 00 00 00 00 00 00 00 
0x00942000: 00 00 00 00 00 00 00 00 00 00 00 00 00 00 00 00 
0x00942010: 00 00 00 00 00 00 00 00 00 00 00 00 00 00 00 00 
0x00942020: 00 00 00 00 00 00 00 00 00 00 00 00 00 00 00 00 
0x00942030: 00 00 00 00 00 00 00 00 00 00 00 00 00 00 00 00 
0x00942040: 00 00 00 00 00 00 00 00 00 00 00 00 00 00 00 00 
0x00942050: 00 00 00 00 00 00 00 00 00 00 00 00 00 00 00 00 
0x00942060: 00 00 00 00 00 00 00 00 00 00 00 00 00 00 00 00 
0x00942070: 00 00 00 00 00 00 00 00 00 00 00 00 00 00 00 00 
0x00942080: 00 00 00 00 00 00 00 00 00 00 00 00 00 00 00 00 
0x00942090: 00 00 00 00 00 00 00 00 00 00 00 00 00 00 00 00 
0x009420a0: 00 00 00 00 00 00 00 00 00 00 00 00 00 00 00 00 
0x009420b0: 00 00 00 00 00 00 00 00 00 00 00 00 00 00 00 00 
0x009420c0: 00 00 00 00 00 00 00 00 00 00 00 00 00 00 00 00 
0x009420d0: 00 00 00 00 00 00 00 00 00 00 00 00 00 00 00 00 
0x009420e0: 00 00 00 00 00 00 00 00 00 00 00 00 00 00 00 00 
0x009420f0: 00 00 00 00 00 00 00 00 00 00 00 00 00 00 00 00 
0x00942100: 00 00 00 00 00 00 00 00 00 00 00 00 00 00 00 00 
0x00942110: 00 00 00 00 00 00 00 00 00 00 00 00 00 00 00 00 
0x00942120: 00 00 00 00 00 00 00 00 00 00 00 00 00 00 00 00 
0x00942130: 00 00 00 00 00 00 00 00 00 00 00 00 00 00 00 00 
0x00942140: 00 00 00 00 00 00 00 00 00 00 00 00 00 00 00 00 
0x00942150: 00 00 00 00 00 00 00 00 00 00 00 00 00 00 00 00 
0x00942160: 00 00 00 00 00 00 00 00 00 00 00 00 00 00 00 00 
0x00942170: 00 00 00 00 00 00 00 00 00 00 00 00 00 00 00 00 
0x00942180: 00 00 00 00 00 00 00 00 00 00 00 00 00 00 00 00 
0x00942190: 00 00 00 00 00 00 00 00 00 00 00 00 00 00 00 00 
0x009421a0: 00 00 00 00 00 00 00 00 00 00 00 00 00 00 00 00 
0x009421b0: 00 00 00 00 00 00 00 00 00 00 00 00 00 00 00 00 
0x009421c0: 00 00 00 00 00 00 00 00 00 00 00 00 00 00 00 00 
0x009421d0: 00 00 00 00 00 00 00 00 00 00 00 00 00 00 00 00 
0x009421e0: 00 00 00 00 00 00 00 00 00 00 00 00 00 00 00 00 
0x009421f0: 00 00 00 00 00 00 00 00 00 00 00 00 00 00 00 00 
0x00942200: 00 00 00 00 00 00 00 00 00 00 00 00 00 00 00 00 
0x00942210: 00 00 00 00 00 00 00 00 00 00 00 00 00 00 00 00 
0x00942220: 00 00 00 00 00 00 00 00 00 00 00 00 00 00 00 00 
0x00942230: 00 00 00 00 00 00 00 00 00 00 00 00 00 00 00 00 
0x00942240: 00 00 00 00 00 00 00 00 00 00 00 00 00 00 00 00 
0x00942250: 00 00 00 00 00 00 00 00 00 00 00 00 00 00 00 00 
0x00942260: 00 00 00 00 00 00 00 00 00 00 00 00 00 00 00 00 
0x00942270: 00 00 00 00 00 00 00 00 00 00 00 00 00 00 00 00 
0x00942280: 00 00 00 00 00 00 00 00 00 00 00 00 00 00 00 00 
0x00942290: 00 00 00 00 00 00 00 00 00 00 00 00 00 00 00 00 
0x009422a0: 00 00 00 00 00 00 00 00 00 00 00 00 00 00 00 00 
0x009422b0: 00 00 00 00 00 00 00 00 00 00 00 00 00 00 00 00 
0x009422c0: 00 00 00 00 00 00 00 00 00 00 00 00 00 00 00 00 
0x009422d0: 00 00 00 00 00 00 00 00 00 00 00 00 00 00 00 00 
0x009422e0: 00 00 00 00 00 00 00 00 00 00 00 00 00 00 00 00 
0x009422f0: 00 00 00 00 00 00 00 00 00 00 00 00 00 00 00 00 
0x00942300: 00 00 00 00 00 00 00 00 00 00 00 00 00 00 00 00 
0x00942310: 00 00 00 00 00 00 00 00 00 00 00 00 00 00 00 00 
0x00942320: 00 00 00 00 00 00 00 00 00 00 00 00 00 00 00 00 
0x00942330: 00 00 00 00 00 00 00 00 00 00 00 00 00 00 00 00 
0x00942340: 00 00 00 00 00 00 00 00 00 00 00 00 00 00 00 00 
0x00942350: 00 00 00 00 00 00 00 00 00 00 00 00 00 00 00 00 
0x00942360: 00 00 00 00 00 00 00 00 00 00 00 00 00 00 00 00 
0x00942370: 00 00 00 00 00 00 00 00 00 00 00 00 00 00 00 00 
0x00942380: 00 00 00 00 00 00 00 00 00 00 00 00 00 00 00 00 
0x00942390: 00 00 00 00 00 00 00 00 00 00 00 00 00 00 00 00 
0x009423a0: 00 00 00 00 00 00 00 00 00 00 00 00 00 00 00 00 
0x009423b0: 00 00 00 00 00 00 00 00 00 00 00 00 00 00 00 00 
0x009423c0: 00 00 00 00 00 00 00 00 00 00 00 00 00 00 00 00 
0x009423d0: 00 00 00 00 00 00 00 00 00 00 00 00 00 00 00 00 
0x009423e0: 00 00 00 00 00 00 00 00 00 00 00 00 00 00 00 00 
0x009423f0: 00 00 00 00 00 00 00 00 00 00 00 00 00 00 00 00 
0x00942400: 00 00 00 00 00 00 00 00 00 00 00 00 00 00 00 00 
0x00942410: 00 00 00 00 00 00 00 00 00 00 00 00 00 00 00 00 
0x00942420: 00 00 00 00 00 00 00 00 00 00 00 00 00 00 00 00 
0x00942430: 00 00 00 00 00 00 00 00 00 00 00 00 00 00 00 00 
0x00942440: 00 00 00 00 00 00 00 00 00 00 00 00 00 00 00 00 
0x00942450: 00 00 00 00 00 00 00 00 00 00 00 00 00 00 00 00 
0x00942460: 00 00 00 00 00 00 00 00 00 00 00 00 00 00 00 00 
0x00942470: 00 00 00 00 00 00 00 00 00 00 00 00 00 00 00 00 
0x00942480: 00 00 00 00 00 00 00 00 00 00 00 00 00 00 00 00 
0x00942490: 00 00 00 00 00 00 00 00 00 00 00 00 00 00 00 00 
0x009424a0: 00 00 00 00 00 00 00 00 00 00 00 00 00 00 00 00 
0x009424b0: 00 00 00 00 00 00 00 00 00 00 00 00 00 00 00 00 
0x009424c0: 00 00 00 00 00 00 00 00 00 00 00 00 00 00 00 00 
0x009424d0: 00 00 00 00 00 00 00 00 00 00 00 00 00 00 00 00 
0x009424e0: 00 00 00 00 00 00 00 00 00 00 00 00 00 00 00 00 
0x009424f0: 00 00 00 00 00 00 00 00 00 00 00 00 00 00 00 00 
0x00942500: 00 00 00 00 00 00 00 00 00 00 00 00 00 00 00 00 
0x00942510: 00 00 00 00 00 00 00 00 00 00 00 00 00 00 00 00 
0x00942520: 00 00 00 00 00 00 00 00 00 00 00 00 00 00 00 00 
0x00942530: 00 00 00 00 00 00 00 00 00 00 00 00 00 00 00 00 
0x00942540: 00 00 00 00 00 00 00 00 00 00 00 00 00 00 00 00 
0x00942550: 00 00 00 00 00 00 00 00 00 00 00 00 00 00 00 00 
0x00942560: 00 00 00 00 00 00 00 00 00 00 00 00 00 00 00 00 
0x00942570: 00 00 00 00 00 00 00 00 00 00 00 00 00 00 00 00 
0x00942580: 00 00 00 00 00 00 00 00 00 00 00 00 00 00 00 00 
0x00942590: 00 00 00 00 00 00 00 00 00 00 00 00 00 00 00 00 
0x009425a0: 00 00 00 00 00 00 00 00 00 00 00 00 00 00 00 00 
0x009425b0: 00 00 00 00 00 00 00 00 00 00 00 00 00 00 00 00 
0x009425c0: 00 00 00 00 00 00 00 00 00 00 00 00 00 00 00 00 
0x009425d0: 00 00 00 00 00 00 00 00 00 00 00 00 00 00 00 00 
0x009425e0: 00 00 00 00 00 00 00 00 00 00 00 00 00 00 00 00 
0x009425f0: 00 00 00 00 00 00 00 00 00 00 00 00 00 00 00 00 
0x00942600: 00 00 00 00 00 00 00 00 00 00 00 00 00 00 00 00 
0x00942610: 00 00 00 00 00 00 00 00 00 00 00 00 00 00 00 00 
0x00942620: 00 00 00 00 00 00 00 00 00 00 00 00 00 00 00 00 
0x00942630: 00 00 00 00 00 00 00 00 00 00 00 00 00 00 00 00 
0x00942640: 00 00 00 00 00 00 00 00 00 00 00 00 00 00 00 00 
0x00942650: 00 00 00 00 00 00 00 00 00 00 00 00 00 00 00 00 
0x00942660: 00 00 00 00 00 00 00 00 00 00 00 00 00 00 00 00 
0x00942670: 00 00 00 00 00 00 00 00 00 00 00 00 00 00 00 00 
0x00942680: 00 00 00 00 00 00 00 00 00 00 00 00 00 00 00 00 
0x00942690: 00 00 00 00 00 00 00 00 00 00 00 00 00 00 00 00 
0x009426a0: 00 00 00 00 00 00 00 00 00 00 00 00 00 00 00 00 
0x009426b0: 00 00 00 00 00 00 00 00 00 00 00 00 00 00 00 00 
0x009426c0: 00 00 00 00 00 00 00 00 00 00 00 00 00 00 00 00 
0x009426d0: 00 00 00 00 00 00 00 00 00 00 00 00 00 00 00 00 
0x009426e0: 00 00 00 00 00 00 00 00 00 00 00 00 00 00 00 00 
0x009426f0: 00 00 00 00 00 00 00 00 00 00 00 00 00 00 00 00 
0x00942700: 00 00 00 00 00 00 00 00 00 00 00 00 00 00 00 00 
0x00942710: 00 00 00 00 00 00 00 00 00 00 00 00 00 00 00 00 
0x00942720: 00 00 00 00 00 00 00 00 00 00 00 00 00 00 00 00 
0x00942730: 00 00 00 00 00 00 00 00 00 00 00 00 00 00 00 00 
0x00942740: 00 00 00 00 00 00 00 00 00 00 00 00 00 00 00 00 
0x00942750: 00 00 00 00 00 00 00 00 00 00 00 00 00 00 00 00 
0x00942760: 00 00 00 00 00 00 00 00 00 00 00 00 00 00 00 00 
0x00942770: 00 00 00 00 00 00 00 00 00 00 00 00 00 00 00 00 
0x00942780: 00 00 00 00 00 00 00 00 00 00 00 00 00 00 00 00 
0x00942790: 00 00 00 00 00 00 00 00 00 00 00 00 00 00 00 00 
0x009427a0: 00 00 00 00 00 00 00 00 00 00 00 00 00 00 00 00 
0x009427b0: 00 00 00 00 00 00 00 00 00 00 00 00 00 00 00 00 
0x009427c0: 00 00 00 00 00 00 00 00 00 00 00 00 00 00 00 00 
0x009427d0: 00 00 00 00 00 00 00 00 00 00 00 00 00 00 00 00 
0x009427e0: 00 00 00 00 00 00 00 00 00 00 00 00 00 00 00 00 
0x009427f0: 00 00 00 00 00 00 00 00 00 00 00 00 00 00 00 00 
0x00942800: 00 00 00 00 00 00 00 00 00 00 00 00 00 00 00 00 
0x00942810: 00 00 00 00 00 00 00 00 00 00 00 00 00 00 00 00 
0x00942820: 00 00 00 00 00 00 00 00 00 00 00 00 00 00 00 00 
0x00942830: 00 00 00 00 00 00 00 00 00 00 00 00 00 00 00 00 
0x00942840: 00 00 00 00 00 00 00 00 00 00 00 00 00 00 00 00 
0x00942850: 00 00 00 00 00 00 00 00 00 00 00 00 00 00 00 00 
0x00942860: 00 00 00 00 00 00 00 00 00 00 00 00 00 00 00 00 
0x00942870: 00 00 00 00 00 00 00 00 00 00 00 00 00 00 00 00 
0x00942880: 00 00 00 00 00 00 00 00 00 00 00 00 00 00 00 00 
0x00942890: 00 00 00 00 00 00 00 00 00 00 00 00 00 00 00 00 
0x009428a0: 00 00 00 00 00 00 00 00 00 00 00 00 00 00 00 00 
0x009428b0: 00 00 00 00 00 00 00 00 00 00 00 00 00 00 00 00 
0x009428c0: 00 00 00 00 00 00 00 00 00 00 00 00 00 00 00 00 
0x009428d0: 00 00 00 00 00 00 00 00 00 00 00 00 00 00 00 00 
0x009428e0: 00 00 00 00 00 00 00 00 00 00 00 00 00 00 00 00 
0x009428f0: 00 00 00 00 00 00 00 00 00 00 00 00 00 00 00 00 
0x00942900: 00 00 00 00 00 00 00 00 00 00 00 00 00 00 00 00 
0x00942910: 00 00 00 00 00 00 00 00 00 00 00 00 00 00 00 00 
0x00942920: 00 00 00 00 00 00 00 00 00 00 00 00 00 00 00 00 
0x00942930: 00 00 00 00 00 00 00 00 00 00 00 00 00 00 00 00 
0x00942940: 00 00 00 00 00 00 00 00 00 00 00 00 00 00 00 00 
0x00942950: 00 00 00 00 00 00 00 00 00 00 00 00 00 00 00 00 
0x00942960: 00 00 00 00 00 00 00 00 00 00 00 00 00 00 00 00 
0x00942970: 00 00 00 00 00 00 00 00 00 00 00 00 00 00 00 00 
0x00942980: 00 00 00 00 00 00 00 00 00 00 00 00 00 00 00 00 
0x00942990: 00 00 00 00 00 00 00 00 00 00 00 00 00 00 00 00 
0x009429a0: 00 00 00 00 00 00 00 00 00 00 00 00 00 00 00 00 
0x009429b0: 00 00 00 00 00 00 00 00 00 00 00 00 00 00 00 00 
0x009429c0: 00 00 00 00 00 00 00 00 00 00 00 00 00 00 00 00 
0x009429d0: 00 00 00 00 00 00 00 00 00 00 00 00 00 00 00 00 
0x009429e0: 00 00 00 00 00 00 00 00 00 00 00 00 00 00 00 00 
0x009429f0: 00 00 00 00 00 00 00 00 00 00 00 00 00 00 00 00 
0x00942a00: 00 00 00 00 00 00 00 00 00 00 00 00 00 00 00 00 
0x00942a10: 00 00 00 00 00 00 00 00 00 00 00 00 00 00 00 00 
0x00942a20: 00 00 00 00 00 00 00 00 00 00 00 00 00 00 00 00 
0x00942a30: 00 00 00 00 00 00 00 00 00 00 00 00 00 00 00 00 
0x00942a40: 00 00 00 00 00 00 00 00 00 00 00 00 00 00 00 00 
0x00942a50: 00 00 00 00 00 00 00 00 00 00 00 00 00 00 00 00 
0x00942a60: 00 00 00 00 00 00 00 00 00 00 00 00 00 00 00 00 
0x00942a70: 00 00 00 00 00 00 00 00 00 00 00 00 00 00 00 00 
0x00942a80: 00 00 00 00 00 00 00 00 00 00 00 00 00 00 00 00 
0x00942a90: 00 00 00 00 00 00 00 00 00 00 00 00 00 00 00 00 
0x00942aa0: 00 00 00 00 00 00 00 00 00 00 00 00 00 00 00 00 
0x00942ab0: 00 00 00 00 00 00 00 00 00 00 00 00 00 00 00 00 
0x00942ac0: 00 00 00 00 00 00 00 00 00 00 00 00 00 00 00 00 
0x00942ad0: 00 00 00 00 00 00 00 00 00 00 00 00 00 00 00 00 
0x00942ae0: 00 00 00 00 00 00 00 00 00 00 00 00 00 00 00 00 
0x00942af0: 00 00 00 00 00 00 00 00 00 00 00 00 00 00 00 00 
0x00942b00: 00 00 00 00 00 00 00 00 00 00 00 00 00 00 00 00 
0x00942b10: 00 00 00 00 00 00 00 00 00 00 00 00 00 00 00 00 
0x00942b20: 00 00 00 00 00 00 00 00 00 00 00 00 00 00 00 00 
0x00942b30: 00 00 00 00 00 00 00 00 00 00 00 00 00 00 00 00 
0x00942b40: 00 00 00 00 00 00 00 00 00 00 00 00 00 00 00 00 
0x00942b50: 00 00 00 00 00 00 00 00 00 00 00 00 00 00 00 00 
0x00942b60: 00 00 00 00 00 00 00 00 00 00 00 00 00 00 00 00 
0x00942b70: 00 00 00 00 00 00 00 00 00 00 00 00 00 00 00 00 
0x00942b80: 00 00 00 00 00 00 00 00 00 00 00 00 00 00 00 00 
0x00942b90: 00 00 00 00 00 00 00 00 00 00 00 00 00 00 00 00 
0x00942ba0: 00 00 00 00 00 00 00 00 00 00 00 00 00 00 00 00 
0x00942bb0: 00 00 00 00 00 00 00 00 00 00 00 00 00 00 00 00 
0x00942bc0: 00 00 00 00 00 00 00 00 00 00 00 00 00 00 00 00 
0x00942bd0: 00 00 00 00 00 00 00 00 00 00 00 00 00 00 00 00 
0x00942be0: 00 00 00 00 00 00 00 00 00 00 00 00 00 00 00 00 
0x00942bf0: 00 00 00 00 00 00 00 00 00 00 00 00 00 00 00 00 
0x00942c00: 00 00 00 00 00 00 00 00 00 00 00 00 00 00 00 00 
0x00942c10: 00 00 00 00 00 00 00 00 00 00 00 00 00 00 00 00 
0x00942c20: 00 00 00 00 00 00 00 00 00 00 00 00 00 00 00 00 
0x00942c30: 00 00 00 00 00 00 00 00 00 00 00 00 00 00 00 00 
0x00942c40: 00 00 00 00 00 00 00 00 00 00 00 00 00 00 00 00 
0x00942c50: 00 00 00 00 00 00 00 00 00 00 00 00 00 00 00 00 
0x00942c60: 00 00 00 00 00 00 00 00 00 00 00 00 00 00 00 00 
0x00942c70: 00 00 00 00 00 00 00 00 00 00 00 00 00 00 00 00 
0x00942c80: 00 00 00 00 00 00 00 00 00 00 00 00 00 00 00 00 
0x00942c90: 00 00 00 00 00 00 00 00 00 00 00 00 00 00 00 00 
0x00942ca0: 00 00 00 00 00 00 00 00 00 00 00 00 00 00 00 00 
0x00942cb0: 00 00 00 00 00 00 00 00 00 00 00 00 00 00 00 00 
0x00942cc0: 00 00 00 00 00 00 00 00 00 00 00 00 00 00 00 00 
0x00942cd0: 00 00 00 00 00 00 00 00 00 00 00 00 00 00 00 00 
0x00942ce0: 00 00 00 00 00 00 00 00 00 00 00 00 00 00 00 00 
0x00942cf0: 00 00 00 00 00 00 00 00 00 00 00 00 00 00 00 00 
0x00942d00: 00 00 00 00 00 00 00 00 00 00 00 00 00 00 00 00 
0x00942d10: 00 00 00 00 00 00 00 00 00 00 00 00 00 00 00 00 
0x00942d20: 00 00 00 00 00 00 00 00 00 00 00 00 00 00 00 00 
0x00942d30: 00 00 00 00 00 00 00 00 00 00 00 00 00 00 00 00 
0x00942d40: 00 00 00 00 00 00 00 00 00 00 00 00 00 00 00 00 
0x00942d50: 00 00 00 00 00 00 00 00 00 00 00 00 00 00 00 00 
0x00942d60: 00 00 00 00 00 00 00 00 00 00 00 00 00 00 00 00 
0x00942d70: 00 00 00 00 00 00 00 00 00 00 00 00 00 00 00 00 
0x00942d80: 00 00 00 00 00 00 00 00 00 00 00 00 00 00 00 00 
0x00942d90: 00 00 00 00 00 00 00 00 00 00 00 00 00 00 00 00 
0x00942da0: 00 00 00 00 00 00 00 00 00 00 00 00 00 00 00 00 
0x00942db0: 00 00 00 00 00 00 00 00 00 00 00 00 00 00 00 00 
0x00942dc0: 00 00 00 00 00 00 00 00 00 00 00 00 00 00 00 00 
0x00942dd0: 00 00 00 00 00 00 00 00 00 00 00 00 00 00 00 00 
0x00942de0: 00 00 00 00 00 00 00 00 00 00 00 00 00 00 00 00 
0x00942df0: 00 00 00 00 00 00 00 00 00 00 00 00 00 00 00 00 
0x00942e00: 00 00 00 00 00 00 00 00 00 00 00 00 00 00 00 00 
0x00942e10: 00 00 00 00 00 00 00 00 00 00 00 00 00 00 00 00 
0x00942e20: 00 00 00 00 00 00 00 00 00 00 00 00 00 00 00 00 
0x00942e30: 00 00 00 00 00 00 00 00 00 00 00 00 00 00 00 00 
0x00942e40: 00 00 00 00 00 00 00 00 00 00 00 00 00 00 00 00 
0x00942e50: 00 00 00 00 00 00 00 00 00 00 00 00 00 00 00 00 
0x00942e60: 00 00 00 00 00 00 00 00 00 00 00 00 00 00 00 00 
0x00942e70: 00 00 00 00 00 00 00 00 00 00 00 00 00 00 00 00 
0x00942e80: 00 00 00 00 00 00 00 00 00 00 00 00 00 00 00 00 
0x00942e90: 00 00 00 00 00 00 00 00 00 00 00 00 00 00 00 00 
0x00942ea0: 00 00 00 00 00 00 00 00 00 00 00 00 00 00 00 00 
0x00942eb0: 00 00 00 00 00 00 00 00 00 00 00 00 00 00 00 00 
0x00942ec0: 00 00 00 00 00 00 00 00 00 00 00 00 00 00 00 00 
0x00942ed0: 00 00 00 00 00 00 00 00 00 00 00 00 00 00 00 00 
0x00942ee0: 00 00 00 00 00 00 00 00 00 00 00 00 00 00 00 00 
0x00942ef0: 00 00 00 00 00 00 00 00 00 00 00 00 00 00 00 00 
0x00942f00: 00 00 00 00 00 00 00 00 00 00 00 00 00 00 00 00 
0x00942f10: 00 00 00 00 00 00 00 00 00 00 00 00 00 00 00 00 
0x00942f20: 00 00 00 00 00 00 00 00 00 00 00 00 00 00 00 00 
0x00942f30: 00 00 00 00 00 00 00 00 00 00 00 00 00 00 00 00 
0x00942f40: 00 00 00 00 00 00 00 00 00 00 00 00 00 00 00 00 
0x00942f50: 00 00 00 00 00 00 00 00 00 00 00 00 00 00 00 00 
0x00942f60: 00 00 00 00 00 00 00 00 00 00 00 00 00 00 00 00 
0x00942f70: 00 00 00 00 00 00 00 00 00 00 00 00 00 00 00 00 
0x00942f80: 00 00 00 00 00 00 00 00 00 00 00 00 00 00 00 00 
0x00942f90: 00 00 00 00 00 00 00 00 00 00 00 00 00 00 00 00 
0x00942fa0: 00 00 00 00 00 00 00 00 00 00 00 00 00 00 00 00 
0x00942fb0: 00 00 00 00 00 00 00 00 00 00 00 00 00 00 00 00 
0x00942fc0: 00 00 00 00 00 00 00 00 00 00 00 00 00 00 00 00 
0x00942fd0: 00 00 00 00 00 00 00 00 00 00 00 00 00 00 00 00 
0x00942fe0: 00 00 00 00 00 00 00 00 00 00 00 00 00 00 00 00 
0x00942ff0: 00 00 00 00 00 00 00 00 00 00 00 00 00 00 00 00 
0x00943000: 00 00 00 00 00 00 00 00 00 00 00 00 00 00 00 00 
0x00943010: 00 00 00 00 00 00 00 00 00 00 00 00 00 00 00 00 
0x00943020: 00 00 00 00 00 00 00 00 00 00 00 00 00 00 00 00 
0x00943030: 00 00 00 00 00 00 00 00 00 00 00 00 00 00 00 00 
0x00943040: 00 00 00 00 00 00 00 00 00 00 00 00 00 00 00 00 
0x00943050: 00 00 00 00 00 00 00 00 00 00 00 00 00 00 00 00 
0x00943060: 00 00 00 00 00 00 00 00 00 00 00 00 00 00 00 00 
0x00943070: 00 00 00 00 00 00 00 00 00 00 00 00 00 00 00 00 
0x00943080: 00 00 00 00 00 00 00 00 00 00 00 00 00 00 00 00 
0x00943090: 00 00 00 00 00 00 00 00 00 00 00 00 00 00 00 00 
0x009430a0: 00 00 00 00 00 00 00 00 00 00 00 00 00 00 00 00 
0x009430b0: 00 00 00 00 00 00 00 00 00 00 00 00 00 00 00 00 
0x009430c0: 00 00 00 00 00 00 00 00 00 00 00 00 00 00 00 00 
0x009430d0: 00 00 00 00 00 00 00 00 00 00 00 00 00 00 00 00 
0x009430e0: 00 00 00 00 00 00 00 00 00 00 00 00 00 00 00 00 
0x009430f0: 00 00 00 00 00 00 00 00 00 00 00 00 00 00 00 00 
0x00943100: 00 00 00 00 00 00 00 00 00 00 00 00 00 00 00 00 
0x00943110: 00 00 00 00 00 00 00 00 00 00 00 00 00 00 00 00 
0x00943120: 00 00 00 00 00 00 00 00 00 00 00 00 00 00 00 00 
0x00943130: 00 00 00 00 00 00 00 00 00 00 00 00 00 00 00 00 
0x00943140: 00 00 00 00 00 00 00 00 00 00 00 00 00 00 00 00 
0x00943150: 00 00 00 00 00 00 00 00 00 00 00 00 00 00 00 00 
0x00943160: 00 00 00 00 00 00 00 00 00 00 00 00 00 00 00 00 
0x00943170: 00 00 00 00 00 00 00 00 00 00 00 00 00 00 00 00 
0x00943180: 00 00 00 00 00 00 00 00 00 00 00 00 00 00 00 00 
0x00943190: 00 00 00 00 00 00 00 00 00 00 00 00 00 00 00 00 
0x009431a0: 00 00 00 00 00 00 00 00 00 00 00 00 00 00 00 00 
0x009431b0: 00 00 00 00 00 00 00 00 00 00 00 00 00 00 00 00 
0x009431c0: 00 00 00 00 00 00 00 00 00 00 00 00 00 00 00 00 
0x009431d0: 00 00 00 00 00 00 00 00 00 00 00 00 00 00 00 00 
0x009431e0: 00 00 00 00 00 00 00 00 00 00 00 00 00 00 00 00 
0x009431f0: 00 00 00 00 00 00 00 00 00 00 00 00 00 00 00 00 
0x00943200: 00 00 00 00 00 00 00 00 00 00 00 00 00 00 00 00 
0x00943210: 00 00 00 00 00 00 00 00 00 00 00 00 00 00 00 00 
0x00943220: 00 00 00 00 00 00 00 00 00 00 00 00 00 00 00 00 
0x00943230: 00 00 00 00 00 00 00 00 00 00 00 00 00 00 00 00 
0x00943240: 00 00 00 00 00 00 00 00 00 00 00 00 00 00 00 00 
0x00943250: 00 00 00 00 00 00 00 00 00 00 00 00 00 00 00 00 
0x00943260: 00 00 00 00 00 00 00 00 00 00 00 00 00 00 00 00 
0x00943270: 00 00 00 00 00 00 00 00 00 00 00 00 00 00 00 00 
0x00943280: 00 00 00 00 00 00 00 00 00 00 00 00 00 00 00 00 
0x00943290: 00 00 00 00 00 00 00 00 00 00 00 00 00 00 00 00 
0x009432a0: 00 00 00 00 00 00 00 00 00 00 00 00 00 00 00 00 
0x009432b0: 00 00 00 00 00 00 00 00 00 00 00 00 00 00 00 00 
0x009432c0: 00 00 00 00 00 00 00 00 00 00 00 00 00 00 00 00 
0x009432d0: 00 00 00 00 00 00 00 00 00 00 00 00 00 00 00 00 
0x009432e0: 00 00 00 00 00 00 00 00 00 00 00 00 00 00 00 00 
0x009432f0: 00 00 00 00 00 00 00 00 00 00 00 00 00 00 00 00 
0x00943300: 00 00 00 00 00 00 00 00 00 00 00 00 00 00 00 00 
0x00943310: 00 00 00 00 00 00 00 00 00 00 00 00 00 00 00 00 
0x00943320: 00 00 00 00 00 00 00 00 00 00 00 00 00 00 00 00 
0x00943330: 00 00 00 00 00 00 00 00 00 00 00 00 00 00 00 00 
0x00943340: 00 00 00 00 00 00 00 00 00 00 00 00 00 00 00 00 
0x00943350: 00 00 00 00 00 00 00 00 00 00 00 00 00 00 00 00 
0x00943360: 00 00 00 00 00 00 00 00 00 00 00 00 00 00 00 00 
0x00943370: 00 00 00 00 00 00 00 00 00 00 00 00 00 00 00 00 
0x00943380: 00 00 00 00 00 00 00 00 00 00 00 00 00 00 00 00 
0x00943390: 00 00 00 00 00 00 00 00 00 00 00 00 00 00 00 00 
0x009433a0: 00 00 00 00 00 00 00 00 00 00 00 00 00 00 00 00 
0x009433b0: 00 00 00 00 00 00 00 00 00 00 00 00 00 00 00 00 
0x009433c0: 00 00 00 00 00 00 00 00 00 00 00 00 00 00 00 00 
0x009433d0: 00 00 00 00 00 00 00 00 00 00 00 00 00 00 00 00 
0x009433e0: 00 00 00 00 00 00 00 00 00 00 00 00 00 00 00 00 
0x009433f0: 00 00 00 00 00 00 00 00 00 00 00 00 00 00 00 00 
0x00943400: 00 00 00 00 00 00 00 00 00 00 00 00 00 00 00 00 
0x00943410: 00 00 00 00 00 00 00 00 00 00 00 00 00 00 00 00 
0x00943420: 00 00 00 00 00 00 00 00 00 00 00 00 00 00 00 00 
0x00943430: 00 00 00 00 00 00 00 00 00 00 00 00 00 00 00 00 
0x00943440: 00 00 00 00 00 00 00 00 00 00 00 00 00 00 00 00 
0x00943450: 00 00 00 00 00 00 00 00 00 00 00 00 00 00 00 00 
0x00943460: 00 00 00 00 00 00 00 00 00 00 00 00 00 00 00 00 
0x00943470: 00 00 00 00 00 00 00 00 00 00 00 00 00 00 00 00 
0x00943480: 00 00 00 00 00 00 00 00 00 00 00 00 00 00 00 00 
0x00943490: 00 00 00 00 00 00 00 00 00 00 00 00 00 00 00 00 
0x009434a0: 00 00 00 00 00 00 00 00 00 00 00 00 00 00 00 00 
0x009434b0: 00 00 00 00 00 00 00 00 00 00 00 00 00 00 00 00 
0x009434c0: 00 00 00 00 00 00 00 00 00 00 00 00 00 00 00 00 
0x009434d0: 00 00 00 00 00 00 00 00 00 00 00 00 00 00 00 00 
0x009434e0: 00 00 00 00 00 00 00 00 00 00 00 00 00 00 00 00 
0x009434f0: 00 00 00 00 00 00 00 00 00 00 00 00 00 00 00 00 
0x00943500: 00 00 00 00 00 00 00 00 00 00 00 00 00 00 00 00 
0x00943510: 00 00 00 00 00 00 00 00 00 00 00 00 00 00 00 00 
0x00943520: 00 00 00 00 00 00 00 00 00 00 00 00 00 00 00 00 
0x00943530: 00 00 00 00 00 00 00 00 00 00 00 00 00 00 00 00 
0x00943540: 00 00 00 00 00 00 00 00 00 00 00 00 00 00 00 00 
0x00943550: 00 00 00 00 00 00 00 00 00 00 00 00 00 00 00 00 
0x00943560: 00 00 00 00 00 00 00 00 00 00 00 00 00 00 00 00 
0x00943570: 00 00 00 00 00 00 00 00 00 00 00 00 00 00 00 00 
0x00943580: 00 00 00 00 00 00 00 00 00 00 00 00 00 00 00 00 
0x00943590: 00 00 00 00 00 00 00 00 00 00 00 00 00 00 00 00 
0x009435a0: 00 00 00 00 00 00 00 00 00 00 00 00 00 00 00 00 
0x009435b0: 00 00 00 00 00 00 00 00 00 00 00 00 00 00 00 00 
0x009435c0: 00 00 00 00 00 00 00 00 00 00 00 00 00 00 00 00 
0x009435d0: 00 00 00 00 00 00 00 00 00 00 00 00 00 00 00 00 
0x009435e0: 00 00 00 00 00 00 00 00 00 00 00 00 00 00 00 00 
0x009435f0: 00 00 00 00 00 00 00 00 00 00 00 00 00 00 00 00 
0x00943600: 00 00 00 00 00 00 00 00 00 00 00 00 00 00 00 00 
0x00943610: 00 00 00 00 00 00 00 00 00 00 00 00 00 00 00 00 
0x00943620: 00 00 00 00 00 00 00 00 00 00 00 00 00 00 00 00 
0x00943630: 00 00 00 00 00 00 00 00 00 00 00 00 00 00 00 00 
0x00943640: 00 00 00 00 00 00 00 00 00 00 00 00 00 00 00 00 
0x00943650: 00 00 00 00 00 00 00 00 00 00 00 00 00 00 00 00 
0x00943660: 00 00 00 00 00 00 00 00 00 00 00 00 00 00 00 00 
0x00943670: 00 00 00 00 00 00 00 00 00 00 00 00 00 00 00 00 
0x00943680: 00 00 00 00 00 00 00 00 00 00 00 00 00 00 00 00 
0x00943690: 00 00 00 00 00 00 00 00 00 00 00 00 00 00 00 00 
0x009436a0: 00 00 00 00 00 00 00 00 00 00 00 00 00 00 00 00 
0x009436b0: 00 00 00 00 00 00 00 00 00 00 00 00 00 00 00 00 
0x009436c0: 00 00 00 00 00 00 00 00 00 00 00 00 00 00 00 00 
0x009436d0: 00 00 00 00 00 00 00 00 00 00 00 00 00 00 00 00 
0x009436e0: 00 00 00 00 00 00 00 00 00 00 00 00 00 00 00 00 
0x009436f0: 00 00 00 00 00 00 00 00 00 00 00 00 00 00 00 00 
0x00943700: 00 00 00 00 00 00 00 00 00 00 00 00 00 00 00 00 
0x00943710: 00 00 00 00 00 00 00 00 00 00 00 00 00 00 00 00 
0x00943720: 00 00 00 00 00 00 00 00 00 00 00 00 00 00 00 00 
0x00943730: 00 00 00 00 00 00 00 00 00 00 00 00 00 00 00 00 
0x00943740: 00 00 00 00 00 00 00 00 00 00 00 00 00 00 00 00 
0x00943750: 00 00 00 00 00 00 00 00 00 00 00 00 00 00 00 00 
0x00943760: 00 00 00 00 00 00 00 00 00 00 00 00 00 00 00 00 
0x00943770: 00 00 00 00 00 00 00 00 00 00 00 00 00 00 00 00 
0x00943780: 00 00 00 00 00 00 00 00 00 00 00 00 00 00 00 00 
0x00943790: 00 00 00 00 00 00 00 00 00 00 00 00 00 00 00 00 
0x009437a0: 00 00 00 00 00 00 00 00 00 00 00 00 00 00 00 00 
0x009437b0: 00 00 00 00 00 00 00 00 00 00 00 00 00 00 00 00 
0x009437c0: 00 00 00 00 00 00 00 00 00 00 00 00 00 00 00 00 
0x009437d0: 00 00 00 00 00 00 00 00 00 00 00 00 00 00 00 00 
0x009437e0: 00 00 00 00 00 00 00 00 00 00 00 00 00 00 00 00 
0x009437f0: 00 00 00 00 00 00 00 00 00 00 00 00 00 00 00 00 
0x00943800: 00 00 00 00 00 00 00 00 00 00 00 00 00 00 00 00 
0x00943810: 00 00 00 00 00 00 00 00 00 00 00 00 00 00 00 00 
0x00943820: 00 00 00 00 00 00 00 00 00 00 00 00 00 00 00 00 
0x00943830: 00 00 00 00 00 00 00 00 00 00 00 00 00 00 00 00 
0x00943840: 00 00 00 00 00 00 00 00 00 00 00 00 00 00 00 00 
0x00943850: 00 00 00 00 00 00 00 00 00 00 00 00 00 00 00 00 
0x00943860: 00 00 00 00 00 00 00 00 00 00 00 00 00 00 00 00 
0x00943870: 00 00 00 00 00 00 00 00 00 00 00 00 00 00 00 00 
0x00943880: 00 00 00 00 00 00 00 00 00 00 00 00 00 00 00 00 
0x00943890: 00 00 00 00 00 00 00 00 00 00 00 00 00 00 00 00 
0x009438a0: 00 00 00 00 00 00 00 00 00 00 00 00 00 00 00 00 
0x009438b0: 00 00 00 00 00 00 00 00 00 00 00 00 00 00 00 00 
0x009438c0: 00 00 00 00 00 00 00 00 00 00 00 00 00 00 00 00 
0x009438d0: 00 00 00 00 00 00 00 00 00 00 00 00 00 00 00 00 
0x009438e0: 00 00 00 00 00 00 00 00 00 00 00 00 00 00 00 00 
0x009438f0: 00 00 00 00 00 00 00 00 00 00 00 00 00 00 00 00 
0x00943900: 00 00 00 00 00 00 00 00 00 00 00 00 00 00 00 00 
0x00943910: 00 00 00 00 00 00 00 00 00 00 00 00 00 00 00 00 
0x00943920: 00 00 00 00 00 00 00 00 00 00 00 00 00 00 00 00 
0x00943930: 00 00 00 00 00 00 00 00 00 00 00 00 00 00 00 00 
0x00943940: 00 00 00 00 00 00 00 00 00 00 00 00 00 00 00 00 
0x00943950: 00 00 00 00 00 00 00 00 00 00 00 00 00 00 00 00 
0x00943960: 00 00 00 00 00 00 00 00 00 00 00 00 00 00 00 00 
0x00943970: 00 00 00 00 00 00 00 00 00 00 00 00 00 00 00 00 
0x00943980: 00 00 00 00 00 00 00 00 00 00 00 00 00 00 00 00 
0x00943990: 00 00 00 00 00 00 00 00 00 00 00 00 00 00 00 00 
0x009439a0: 00 00 00 00 00 00 00 00 00 00 00 00 00 00 00 00 
0x009439b0: 00 00 00 00 00 00 00 00 00 00 00 00 00 00 00 00 
0x009439c0: 00 00 00 00 00 00 00 00 00 00 00 00 00 00 00 00 
0x009439d0: 00 00 00 00 00 00 00 00 00 00 00 00 00 00 00 00 
0x009439e0: 00 00 00 00 00 00 00 00 00 00 00 00 00 00 00 00 
0x009439f0: 00 00 00 00 00 00 00 00 00 00 00 00 00 00 00 00 
0x00943a00: 00 00 00 00 00 00 00 00 00 00 00 00 00 00 00 00 
0x00943a10: 00 00 00 00 00 00 00 00 00 00 00 00 00 00 00 00 
0x00943a20: 00 00 00 00 00 00 00 00 00 00 00 00 00 00 00 00 
0x00943a30: 00 00 00 00 00 00 00 00 00 00 00 00 00 00 00 00 
0x00943a40: 00 00 00 00 00 00 00 00 00 00 00 00 00 00 00 00 
0x00943a50: 00 00 00 00 00 00 00 00 00 00 00 00 00 00 00 00 
0x00943a60: 00 00 00 00 00 00 00 00 00 00 00 00 00 00 00 00 
0x00943a70: 00 00 00 00 00 00 00 00 00 00 00 00 00 00 00 00 
0x00943a80: 00 00 00 00 00 00 00 00 00 00 00 00 00 00 00 00 
0x00943a90: 00 00 00 00 00 00 00 00 00 00 00 00 00 00 00 00 
0x00943aa0: 00 00 00 00 00 00 00 00 00 00 00 00 00 00 00 00 
0x00943ab0: 00 00 00 00 00 00 00 00 00 00 00 00 00 00 00 00 
0x00943ac0: 00 00 00 00 00 00 00 00 00 00 00 00 00 00 00 00 
0x00943ad0: 00 00 00 00 00 00 00 00 00 00 00 00 00 00 00 00 
0x00943ae0: 00 00 00 00 00 00 00 00 00 00 00 00 00 00 00 00 
0x00943af0: 00 00 00 00 00 00 00 00 00 00 00 00 00 00 00 00 
0x00943b00: 00 00 00 00 00 00 00 00 00 00 00 00 00 00 00 00 
0x00943b10: 00 00 00 00 00 00 00 00 00 00 00 00 00 00 00 00 
0x00943b20: 00 00 00 00 00 00 00 00 00 00 00 00 00 00 00 00 
0x00943b30: 00 00 00 00 00 00 00 00 00 00 00 00 00 00 00 00 
0x00943b40: 00 00 00 00 00 00 00 00 00 00 00 00 00 00 00 00 
0x00943b50: 00 00 00 00 00 00 00 00 00 00 00 00 00 00 00 00 
0x00943b60: 00 00 00 00 00 00 00 00 00 00 00 00 00 00 00 00 
0x00943b70: 00 00 00 00 00 00 00 00 00 00 00 00 00 00 00 00 
0x00943b80: 00 00 00 00 00 00 00 00 00 00 00 00 00 00 00 00 
0x00943b90: 00 00 00 00 00 00 00 00 00 00 00 00 00 00 00 00 
0x00943ba0: 00 00 00 00 00 00 00 00 00 00 00 00 00 00 00 00 
0x00943bb0: 00 00 00 00 00 00 00 00 00 00 00 00 00 00 00 00 
0x00943bc0: 00 00 00 00 00 00 00 00 00 00 00 00 00 00 00 00 
0x00943bd0: 00 00 00 00 00 00 00 00 00 00 00 00 00 00 00 00 
0x00943be0: 00 00 00 00 00 00 00 00 00 00 00 00 00 00 00 00 
0x00943bf0: 00 00 00 00 00 00 00 00 00 00 00 00 00 00 00 00 
0x00943c00: 00 00 00 00 00 00 00 00 00 00 00 00 00 00 00 00 
0x00943c10: 00 00 00 00 00 00 00 00 00 00 00 00 00 00 00 00 
0x00943c20: 00 00 00 00 00 00 00 00 00 00 00 00 00 00 00 00 
0x00943c30: 00 00 00 00 00 00 00 00 00 00 00 00 00 00 00 00 
0x00943c40: 00 00 00 00 00 00 00 00 00 00 00 00 00 00 00 00 
0x00943c50: 00 00 00 00 00 00 00 00 00 00 00 00 00 00 00 00 
0x00943c60: 00 00 00 00 00 00 00 00 00 00 00 00 00 00 00 00 
0x00943c70: 00 00 00 00 00 00 00 00 00 00 00 00 00 00 00 00 
0x00943c80: 00 00 00 00 00 00 00 00 00 00 00 00 00 00 00 00 
0x00943c90: 00 00 00 00 00 00 00 00 00 00 00 00 00 00 00 00 
0x00943ca0: 00 00 00 00 00 00 00 00 00 00 00 00 00 00 00 00 
0x00943cb0: 00 00 00 00 00 00 00 00 00 00 00 00 00 00 00 00 
0x00943cc0: 00 00 00 00 00 00 00 00 00 00 00 00 00 00 00 00 
0x00943cd0: 00 00 00 00 00 00 00 00 00 00 00 00 00 00 00 00 
0x00943ce0: 00 00 00 00 00 00 00 00 00 00 00 00 00 00 00 00 
0x00943cf0: 00 00 00 00 00 00 00 00 00 00 00 00 00 00 00 00 
0x00943d00: 00 00 00 00 00 00 00 00 00 00 00 00 00 00 00 00 
0x00943d10: 00 00 00 00 00 00 00 00 00 00 00 00 00 00 00 00 
0x00943d20: 00 00 00 00 00 00 00 00 00 00 00 00 00 00 00 00 
0x00943d30: 00 00 00 00 00 00 00 00 00 00 00 00 00 00 00 00 
0x00943d40: 00 00 00 00 00 00 00 00 00 00 00 00 00 00 00 00 
0x00943d50: 00 00 00 00 00 00 00 00 00 00 00 00 00 00 00 00 
0x00943d60: 00 00 00 00 00 00 00 00 00 00 00 00 00 00 00 00 
0x00943d70: 00 00 00 00 00 00 00 00 00 00 00 00 00 00 00 00 
0x00943d80: 00 00 00 00 00 00 00 00 00 00 00 00 00 00 00 00 
0x00943d90: 00 00 00 00 00 00 00 00 00 00 00 00 00 00 00 00 
0x00943da0: 00 00 00 00 00 00 00 00 00 00 00 00 00 00 00 00 
0x00943db0: 00 00 00 00 00 00 00 00 00 00 00 00 00 00 00 00 
0x00943dc0: 00 00 00 00 00 00 00 00 00 00 00 00 00 00 00 00 
0x00943dd0: 00 00 00 00 00 00 00 00 00 00 00 00 00 00 00 00 
0x00943de0: 00 00 00 00 00 00 00 00 00 00 00 00 00 00 00 00 
0x00943df0: 00 00 00 00 00 00 00 00 00 00 00 00 00 00 00 00 
0x00943e00: 00 00 00 00 00 00 00 00 00 00 00 00 00 00 00 00 
0x00943e10: 00 00 00 00 00 00 00 00 00 00 00 00 00 00 00 00 
0x00943e20: 00 00 00 00 00 00 00 00 00 00 00 00 00 00 00 00 
0x00943e30: 00 00 00 00 00 00 00 00 00 00 00 00 00 00 00 00 
0x00943e40: 00 00 00 00 00 00 00 00 00 00 00 00 00 00 00 00 
0x00943e50: 00 00 00 00 00 00 00 00 00 00 00 00 00 00 00 00 
0x00943e60: 00 00 00 00 00 00 00 00 00 00 00 00 00 00 00 00 
0x00943e70: 00 00 00 00 00 00 00 00 00 00 00 00 00 00 00 00 
0x00943e80: 00 00 00 00 00 00 00 00 00 00 00 00 00 00 00 00 
0x00943e90: 00 00 00 00 00 00 00 00 00 00 00 00 00 00 00 00 
0x00943ea0: 00 00 00 00 00 00 00 00 00 00 00 00 00 00 00 00 
0x00943eb0: 00 00 00 00 00 00 00 00 00 00 00 00 00 00 00 00 
0x00943ec0: 00 00 00 00 00 00 00 00 00 00 00 00 00 00 00 00 
0x00943ed0: 00 00 00 00 00 00 00 00 00 00 00 00 00 00 00 00 
0x00943ee0: 00 00 00 00 00 00 00 00 00 00 00 00 00 00 00 00 
0x00943ef0: 00 00 00 00 00 00 00 00 00 00 00 00 00 00 00 00 
0x00943f00: 00 00 00 00 00 00 00 00 00 00 00 00 00 00 00 00 
0x00943f10: 00 00 00 00 00 00 00 00 00 00 00 00 00 00 00 00 
0x00943f20: 00 00 00 00 00 00 00 00 00 00 00 00 00 00 00 00 
0x00943f30: 00 00 00 00 00 00 00 00 00 00 00 00 00 00 00 00 
0x00943f40: 00 00 00 00 00 00 00 00 00 00 00 00 00 00 00 00 
0x00943f50: 00 00 00 00 00 00 00 00 00 00 00 00 00 00 00 00 
0x00943f60: 00 00 00 00 00 00 00 00 00 00 00 00 00 00 00 00 
0x00943f70: 00 00 00 00 00 00 00 00 00 00 00 00 00 00 00 00 
0x00943f80: 00 00 00 00 00 00 00 00 00 00 00 00 00 00 00 00 
0x00943f90: 00 00 00 00 00 00 00 00 00 00 00 00 00 00 00 00 
0x00943fa0: 00 00 00 00 00 00 00 00 00 00 00 00 00 00 00 00 
0x00943fb0: 00 00 00 00 00 00 00 00 00 00 00 00 00 00 00 00 
0x00943fc0: 00 00 00 00 00 00 00 00 00 00 00 00 00 00 00 00 
0x00943fd0: 00 00 00 00 00 00 00 00 00 00 00 00 00 00 00 00 
0x00943fe0: 00 00 00 00 00 00 00 00 00 00 00 00 00 00 00 00 
0x00943ff0: 00 00 00 00 00 00 00 00 00 00 00 00 00 00 00 00 

