0x0088a004: 0c 00 00 00 00 00 00 00 a0 0f 00 00 00 11 01 00 
0x0088a014: 18 00 00 00 00 00 00 00 a0 0f 00 00 e0 ff 01 00 
0x0088a024: 18 00 00 00 00 00 00 00 a0 0f 00 00 40 55 01 00 
0x0088a034: 18 00 00 00 00 00 00 00 a0 0f 00 00 40 55 01 00 
0x0088a044: 18 00 00 00 00 00 00 00 a0 0f 00 00 40 55 01 00 
0x0088a054: 18 00 00 00 00 00 00 00 a0 0f 00 00 40 55 01 00 
0x0088a064: 18 00 00 00 00 00 00 00 a0 0f 00 00 40 55 01 00 
0x0088a074: 18 00 00 00 00 00 00 00 a0 0f 00 00 40 55 01 00 
0x0088a084: 18 00 00 00 00 00 00 00 a0 0f 00 00 40 55 01 00 
0x0088a094: 18 00 00 00 00 00 00 00 a0 0f 00 00 40 55 01 00 
0x0088a0a4: 18 00 00 00 00 00 00 00 a0 0f 00 00 40 55 01 00 
0x0088a0b4: 18 00 00 00 00 00 00 00 a0 0f 00 00 40 55 01 00 
0x0088a0c4: 18 00 00 00 00 00 00 00 a0 0f 00 00 40 55 01 00 
0x0088a0d4: 18 00 00 00 00 00 00 00 a0 0f 00 00 40 55 01 00 
0x0088a0e4: 18 00 00 00 00 00 00 00 a0 0f 00 00 40 55 01 00 
0x0088a0f4: 18 00 00 00 00 00 00 00 a0 0f 00 00 40 55 01 00 
0x0088a104: 18 00 00 00 00 00 00 00 a0 0f 00 00 40 55 01 00 
0x0088a114: 18 00 00 00 00 00 00 00 a0 0f 00 00 40 55 01 00 
0x0088a124: 18 00 00 00 00 00 00 00 a0 0f 00 00 40 55 01 00 
0x0088a134: 18 00 00 00 00 00 00 00 a0 0f 00 00 40 55 01 00 
0x0088a144: 18 00 00 00 00 00 00 00 a0 0f 00 00 40 55 01 00 
0x0088a154: 18 00 00 00 00 00 00 00 a0 0f 00 00 40 55 01 00 
0x0088a164: 18 00 00 00 00 00 00 00 a0 0f 00 00 40 55 01 00 
0x0088a174: 18 00 00 00 00 00 00 00 a0 0f 00 00 40 55 01 00 
0x0088a184: 18 00 00 00 00 00 00 00 a0 0f 00 00 40 55 01 00 
0x0088a194: 18 00 00 00 00 00 00 00 a0 0f 00 00 40 55 01 00 
0x0088a1a4: 18 00 00 00 00 00 00 00 a0 0f 00 00 40 55 01 00 
0x0088a1b4: 18 00 00 00 00 00 00 00 a0 0f 00 00 40 55 01 00 
0x0088a1c4: 0c 00 00 00 00 00 00 00 a0 0f 00 00 80 99 01 00 
0x0088a1d4: 0c 00 00 00 00 00 00 00 a0 0f 00 00 00 11 01 00 
0x0088a1e4: 0c 00 00 00 00 00 00 00 00 00 00 00 00 11 01 00 
0x0088a1f4: 00 00 00 00 00 00 00 00 00 00 00 00 00 00 00 00 

